grid_case_id,method_label,size_bucket,total_blocks,distribution_profile,graph_makespan_hours,graph_violations,date,block_id,block_name,sequence,process_name,process_index,start_time,end_time,duration_min,assigned_bay,machine_type,unity_process_row_source,source_representative_block_id
b110_overload_r1,Proposed,Medium (81-140),110,overload,156.51666666666668,1,20250924,93,BLK_93C,1,판계,1,2025-09-24 08:00:00,2025-09-24 08:44:00,44.0,,공통,raw,
b110_overload_r1,Proposed,Medium (81-140),110,overload,156.51666666666668,1,20250924,93,BLK_93C,1,전면SAW,2,2025-09-24 08:44:00,2025-09-24 11:33:25,169.4,,공통,raw,
b110_overload_r1,Proposed,Medium (81-140),110,overload,156.51666666666668,1,20250924,93,BLK_93C,1,TurnOver,3,2025-09-24 11:33:25,2025-09-24 11:46:37,13.2,,공통,raw,
b110_overload_r1,Proposed,Medium (81-140),110,overload,156.51666666666668,1,20250924,93,BLK_93C,1,후면SAW,4,2025-09-24 11:46:37,2025-09-24 13:51:19,124.7,,공통,raw,
b110_overload_r1,Proposed,Medium (81-140),110,overload,156.51666666666668,1,20250924,93,BLK_93C,1,NC,5,2025-09-24 13:51:19,2025-09-24 14:41:49,50.5,,공통,raw,
b110_overload_r1,Proposed,Medium (81-140),110,overload,156.51666666666668,1,20250924,93,BLK_93C,1,베이35A 론지취부,6,2025-09-24 14:41:49,2025-09-24 15:39:01,57.2,35A,베이35A,raw,
b110_overload_r1,Proposed,Medium (81-140),110,overload,156.51666666666668,1,20250924,93,BLK_93C,1,베이35A 론지용접,7,2025-09-24 15:39:01,2025-09-24 16:01:15,22.2,35A,베이35A,raw,
b110_overload_r1,Proposed,Medium (81-140),110,overload,156.51666666666668,1,20250924,93,BLK_93C,1,베이35A 수정,8,2025-09-24 16:01:15,2025-09-24 16:35:47,34.5,35A,베이35A,raw,
b110_overload_r1,Proposed,Medium (81-140),110,overload,156.51666666666668,1,20250924,43,BLK_43C,2,판계,1,2025-09-24 08:44:00,2025-09-24 09:17:00,33.0,,공통,raw,
b110_overload_r1,Proposed,Medium (81-140),110,overload,156.51666666666668,1,20250924,43,BLK_43C,2,전면SAW,2,2025-09-24 11:33:25,2025-09-24 12:11:04,37.6,,공통,raw,
b110_overload_r1,Proposed,Medium (81-140),110,overload,156.51666666666668,1,20250924,43,BLK_43C,2,TurnOver,3,2025-09-24 12:11:04,2025-09-24 12:24:16,13.2,,공통,raw,
b110_overload_r1,Proposed,Medium (81-140),110,overload,156.51666666666668,1,20250924,43,BLK_43C,2,후면SAW,4,2025-09-24 13:51:19,2025-09-24 14:17:37,26.3,,공통,raw,
b110_overload_r1,Proposed,Medium (81-140),110,overload,156.51666666666668,1,20250924,43,BLK_43C,2,NC,5,2025-09-24 14:41:49,2025-09-24 15:36:30,54.7,,공통,raw,
b110_overload_r1,Proposed,Medium (81-140),110,overload,156.51666666666668,1,20250924,43,BLK_43C,2,베이36B 론지취부,6,2025-09-24 15:36:30,2025-09-24 17:12:12,95.7,36B,베이36B,raw,
b110_overload_r1,Proposed,Medium (81-140),110,overload,156.51666666666668,1,20250924,43,BLK_43C,2,베이36B 론지용접,7,2025-09-24 17:12:12,2025-09-24 17:41:01,28.8,36B,베이36B,raw,
b110_overload_r1,Proposed,Medium (81-140),110,overload,156.51666666666668,1,20250924,43,BLK_43C,2,베이36B 수정,8,2025-09-24 17:41:01,2025-09-24 18:39:45,58.7,36B,베이36B,raw,
b110_overload_r1,Proposed,Medium (81-140),110,overload,156.51666666666668,1,20250924,17,BLK_17P,3,판계,1,2025-09-24 09:17:00,2025-09-24 09:55:30,38.5,,공통,raw,
b110_overload_r1,Proposed,Medium (81-140),110,overload,156.51666666666668,1,20250924,17,BLK_17P,3,전면SAW,2,2025-09-24 12:11:04,2025-09-24 15:27:26,196.4,,공통,raw,
b110_overload_r1,Proposed,Medium (81-140),110,overload,156.51666666666668,1,20250924,17,BLK_17P,3,TurnOver,3,2025-09-24 15:27:26,2025-09-24 15:40:38,13.2,,공통,raw,
b110_overload_r1,Proposed,Medium (81-140),110,overload,156.51666666666668,1,20250924,17,BLK_17P,3,후면SAW,4,2025-09-24 15:40:38,2025-09-24 18:33:27,172.8,,공통,raw,
b110_overload_r1,Proposed,Medium (81-140),110,overload,156.51666666666668,1,20250924,17,BLK_17P,3,NC,5,2025-09-24 18:33:27,2025-09-24 19:20:12,46.8,,공통,raw,
b110_overload_r1,Proposed,Medium (81-140),110,overload,156.51666666666668,1,20250924,17,BLK_17P,3,베이35A 론지취부,6,2025-09-24 19:20:12,2025-09-24 20:13:33,53.4,35A,베이35A,raw,
b110_overload_r1,Proposed,Medium (81-140),110,overload,156.51666666666668,1,20250924,17,BLK_17P,3,베이35A 론지용접,7,2025-09-24 20:13:33,2025-09-24 20:35:07,21.6,35A,베이35A,raw,
b110_overload_r1,Proposed,Medium (81-140),110,overload,156.51666666666668,1,20250924,17,BLK_17P,3,베이35A 수정,8,2025-09-24 20:35:07,2025-09-24 21:07:14,32.1,35A,베이35A,raw,
b110_overload_r1,Proposed,Medium (81-140),110,overload,156.51666666666668,1,20250924,2,BLK_2S,4,판계,1,2025-09-24 09:55:30,2025-09-24 10:17:30,22.0,,공통,raw,
b110_overload_r1,Proposed,Medium (81-140),110,overload,156.51666666666668,1,20250924,2,BLK_2S,4,전면SAW,2,2025-09-24 15:27:26,2025-09-24 17:27:55,120.5,,공통,raw,
b110_overload_r1,Proposed,Medium (81-140),110,overload,156.51666666666668,1,20250924,2,BLK_2S,4,TurnOver,3,2025-09-24 17:27:55,2025-09-24 17:41:07,13.2,,공통,raw,
b110_overload_r1,Proposed,Medium (81-140),110,overload,156.51666666666668,1,20250924,2,BLK_2S,4,후면SAW,4,2025-09-24 18:33:27,2025-09-24 20:09:49,96.4,,공통,raw,
b110_overload_r1,Proposed,Medium (81-140),110,overload,156.51666666666668,1,20250924,2,BLK_2S,4,NC,5,2025-09-24 20:09:49,2025-09-24 20:38:23,28.6,,공통,raw,
b110_overload_r1,Proposed,Medium (81-140),110,overload,156.51666666666668,1,20250924,2,BLK_2S,4,베이36B 론지취부,6,2025-09-24 20:38:23,2025-09-24 21:24:02,45.7,36B,베이36B,raw,
b110_overload_r1,Proposed,Medium (81-140),110,overload,156.51666666666668,1,20250924,2,BLK_2S,4,베이36B 론지용접,7,2025-09-24 21:24:02,2025-09-24 21:39:53,15.8,36B,베이36B,raw,
b110_overload_r1,Proposed,Medium (81-140),110,overload,156.51666666666668,1,20250924,2,BLK_2S,4,베이36B 수정,8,2025-09-24 21:39:53,2025-09-24 22:07:09,27.3,36B,베이36B,raw,
b110_overload_r1,Proposed,Medium (81-140),110,overload,156.51666666666668,1,20250924,83,BLK_83P,5,판계,1,2025-09-24 10:17:30,2025-09-24 10:50:30,33.0,,공통,raw,
b110_overload_r1,Proposed,Medium (81-140),110,overload,156.51666666666668,1,20250924,83,BLK_83P,5,전면SAW,2,2025-09-24 17:27:55,2025-09-24 20:08:08,160.2,,공통,raw,
b110_overload_r1,Proposed,Medium (81-140),110,overload,156.51666666666668,1,20250924,83,BLK_83P,5,TurnOver,3,2025-09-24 20:08:08,2025-09-24 20:21:20,13.2,,공통,raw,
b110_overload_r1,Proposed,Medium (81-140),110,overload,156.51666666666668,1,20250924,83,BLK_83P,5,후면SAW,4,2025-09-24 20:21:20,2025-09-24 22:18:38,117.3,,공통,raw,
b110_overload_r1,Proposed,Medium (81-140),110,overload,156.51666666666668,1,20250924,83,BLK_83P,5,NC,5,2025-09-24 22:18:38,2025-09-24 23:20:36,62.0,,공통,raw,
b110_overload_r1,Proposed,Medium (81-140),110,overload,156.51666666666668,1,20250924,83,BLK_83P,5,베이35A 론지취부,6,2025-09-24 23:20:36,2025-09-25 00:10:06,49.5,35A,베이35A,raw,
b110_overload_r1,Proposed,Medium (81-140),110,overload,156.51666666666668,1,20250924,83,BLK_83P,5,베이35A 론지용접,7,2025-09-25 00:10:06,2025-09-25 00:31:00,20.9,35A,베이35A,raw,
b110_overload_r1,Proposed,Medium (81-140),110,overload,156.51666666666668,1,20250924,83,BLK_83P,5,베이35A 수정,8,2025-09-25 00:31:00,2025-09-25 01:00:42,29.7,35A,베이35A,raw,
b110_overload_r1,Proposed,Medium (81-140),110,overload,156.51666666666668,1,20250924,1,BLK_1C,6,판계,1,2025-09-24 10:50:30,2025-09-24 11:23:30,33.0,,공통,raw,
b110_overload_r1,Proposed,Medium (81-140),110,overload,156.51666666666668,1,20250924,1,BLK_1C,6,전면SAW,2,2025-09-24 20:08:08,2025-09-24 21:35:29,87.4,,공통,raw,
b110_overload_r1,Proposed,Medium (81-140),110,overload,156.51666666666668,1,20250924,1,BLK_1C,6,TurnOver,3,2025-09-24 21:35:29,2025-09-24 21:48:41,13.2,,공통,raw,
b110_overload_r1,Proposed,Medium (81-140),110,overload,156.51666666666668,1,20250924,1,BLK_1C,6,후면SAW,4,2025-09-24 22:18:38,2025-09-24 23:40:41,82.0,,공통,raw,
b110_overload_r1,Proposed,Medium (81-140),110,overload,156.51666666666668,1,20250924,1,BLK_1C,6,NC,5,2025-09-24 23:40:41,2025-09-25 00:37:47,57.1,,공통,raw,
b110_overload_r1,Proposed,Medium (81-140),110,overload,156.51666666666668,1,20250924,1,BLK_1C,6,베이36B 론지취부,6,2025-09-25 00:37:47,2025-09-25 02:01:56,84.2,36B,베이36B,raw,
b110_overload_r1,Proposed,Medium (81-140),110,overload,156.51666666666668,1,20250924,1,BLK_1C,6,베이36B 론지용접,7,2025-09-25 02:01:56,2025-09-25 02:28:47,26.8,36B,베이36B,raw,
b110_overload_r1,Proposed,Medium (81-140),110,overload,156.51666666666668,1,20250924,1,BLK_1C,6,베이36B 수정,8,2025-09-25 02:28:47,2025-09-25 03:20:16,51.5,36B,베이36B,raw,
b110_overload_r1,Proposed,Medium (81-140),110,overload,156.51666666666668,1,20250924,25,BLK_25C,7,판계,1,2025-09-24 11:23:30,2025-09-24 12:07:30,44.0,,공통,raw,
b110_overload_r1,Proposed,Medium (81-140),110,overload,156.51666666666668,1,20250924,25,BLK_25C,7,전면SAW,2,2025-09-24 21:35:29,2025-09-24 23:35:30,120.0,,공통,raw,
b110_overload_r1,Proposed,Medium (81-140),110,overload,156.51666666666668,1,20250924,25,BLK_25C,7,TurnOver,3,2025-09-24 23:35:30,2025-09-24 23:48:42,13.2,,공통,raw,
b110_overload_r1,Proposed,Medium (81-140),110,overload,156.51666666666668,1,20250924,25,BLK_25C,7,후면SAW,4,2025-09-24 23:48:42,2025-09-25 01:13:50,85.1,,공통,raw,
b110_overload_r1,Proposed,Medium (81-140),110,overload,156.51666666666668,1,20250924,25,BLK_25C,7,NC,5,2025-09-25 01:13:50,2025-09-25 02:02:16,48.4,,공통,raw,
b110_overload_r1,Proposed,Medium (81-140),110,overload,156.51666666666668,1,20250924,25,BLK_25C,7,베이35A 론지취부,6,2025-09-25 02:02:16,2025-09-25 02:51:46,49.5,35A,베이35A,raw,
b110_overload_r1,Proposed,Medium (81-140),110,overload,156.51666666666668,1,20250924,25,BLK_25C,7,베이35A 론지용접,7,2025-09-25 02:51:46,2025-09-25 03:12:40,20.9,35A,베이35A,raw,
b110_overload_r1,Proposed,Medium (81-140),110,overload,156.51666666666668,1,20250924,25,BLK_25C,7,베이35A 수정,8,2025-09-25 03:12:40,2025-09-25 03:42:22,29.7,35A,베이35A,raw,
b110_overload_r1,Proposed,Medium (81-140),110,overload,156.51666666666668,1,20250924,63,BLK_63S,8,판계,1,2025-09-24 12:07:30,2025-09-24 12:57:00,49.5,,공통,raw,
b110_overload_r1,Proposed,Medium (81-140),110,overload,156.51666666666668,1,20250924,63,BLK_63S,8,전면SAW,2,2025-09-24 23:35:30,2025-09-25 00:17:30,42.0,,공통,raw,
b110_overload_r1,Proposed,Medium (81-140),110,overload,156.51666666666668,1,20250924,63,BLK_63S,8,TurnOver,3,2025-09-25 00:17:30,2025-09-25 00:30:42,13.2,,공통,raw,
b110_overload_r1,Proposed,Medium (81-140),110,overload,156.51666666666668,1,20250924,63,BLK_63S,8,후면SAW,4,2025-09-25 01:13:50,2025-09-25 01:45:52,32.0,,공통,raw,
b110_overload_r1,Proposed,Medium (81-140),110,overload,156.51666666666668,1,20250924,63,BLK_63S,8,NC,5,2025-09-25 02:02:16,2025-09-25 02:59:47,57.5,,공통,raw,
b110_overload_r1,Proposed,Medium (81-140),110,overload,156.51666666666668,1,20250924,63,BLK_63S,8,베이36B 론지취부,6,2025-09-25 02:59:47,2025-09-25 04:43:11,103.4,36B,베이36B,raw,
b110_overload_r1,Proposed,Medium (81-140),110,overload,156.51666666666668,1,20250924,63,BLK_63S,8,베이36B 론지용접,7,2025-09-25 04:43:11,2025-09-25 05:13:20,30.1,36B,베이36B,raw,
b110_overload_r1,Proposed,Medium (81-140),110,overload,156.51666666666668,1,20250924,63,BLK_63S,8,베이36B 수정,8,2025-09-25 05:13:20,2025-09-25 06:16:55,63.6,36B,베이36B,raw,
b110_overload_r1,Proposed,Medium (81-140),110,overload,156.51666666666668,1,20250924,6,BLK_6C,9,판계,1,2025-09-24 12:57:00,2025-09-24 13:19:00,22.0,,공통,raw,
b110_overload_r1,Proposed,Medium (81-140),110,overload,156.51666666666668,1,20250924,6,BLK_6C,9,전면SAW,2,2025-09-25 00:17:30,2025-09-25 02:17:49,120.3,,공통,raw,
b110_overload_r1,Proposed,Medium (81-140),110,overload,156.51666666666668,1,20250924,6,BLK_6C,9,TurnOver,3,2025-09-25 02:17:49,2025-09-25 02:31:01,13.2,,공통,raw,
b110_overload_r1,Proposed,Medium (81-140),110,overload,156.51666666666668,1,20250924,6,BLK_6C,9,후면SAW,4,2025-09-25 02:31:01,2025-09-25 04:31:32,120.5,,공통,raw,
b110_overload_r1,Proposed,Medium (81-140),110,overload,156.51666666666668,1,20250924,6,BLK_6C,9,NC,5,2025-09-25 04:31:32,2025-09-25 04:59:03,27.5,,공통,raw,
b110_overload_r1,Proposed,Medium (81-140),110,overload,156.51666666666668,1,20250924,6,BLK_6C,9,베이35A 론지취부,6,2025-09-25 04:59:03,2025-09-25 05:33:09,34.1,35A,베이35A,raw,
b110_overload_r1,Proposed,Medium (81-140),110,overload,156.51666666666668,1,20250924,6,BLK_6C,9,베이35A 론지용접,7,2025-09-25 05:33:09,2025-09-25 05:47:01,13.9,35A,베이35A,raw,
b110_overload_r1,Proposed,Medium (81-140),110,overload,156.51666666666668,1,20250924,6,BLK_6C,9,베이35A 수정,8,2025-09-25 05:47:01,2025-09-25 06:07:02,20.0,35A,베이35A,raw,
b110_overload_r1,Proposed,Medium (81-140),110,overload,156.51666666666668,1,20250924,53,BLK_53S,10,판계,1,2025-09-24 13:19:00,2025-09-24 13:52:00,33.0,,공통,raw,
b110_overload_r1,Proposed,Medium (81-140),110,overload,156.51666666666668,1,20250924,53,BLK_53S,10,전면SAW,2,2025-09-25 02:17:49,2025-09-25 03:02:36,44.8,,공통,raw,
b110_overload_r1,Proposed,Medium (81-140),110,overload,156.51666666666668,1,20250924,53,BLK_53S,10,TurnOver,3,2025-09-25 03:02:36,2025-09-25 03:15:48,13.2,,공통,raw,
b110_overload_r1,Proposed,Medium (81-140),110,overload,156.51666666666668,1,20250924,53,BLK_53S,10,후면SAW,4,2025-09-25 04:31:32,2025-09-25 05:07:12,35.7,,공통,raw,
b110_overload_r1,Proposed,Medium (81-140),110,overload,156.51666666666668,1,20250924,53,BLK_53S,10,NC,5,2025-09-25 05:07:12,2025-09-25 05:49:22,42.2,,공통,raw,
b110_overload_r1,Proposed,Medium (81-140),110,overload,156.51666666666668,1,20250924,53,BLK_53S,10,베이36B 론지취부,6,2025-09-25 05:49:22,2025-09-25 06:46:34,57.2,36B,베이36B,raw,
b110_overload_r1,Proposed,Medium (81-140),110,overload,156.51666666666668,1,20250924,53,BLK_53S,10,베이36B 론지용접,7,2025-09-25 06:46:34,2025-09-25 07:08:47,22.2,36B,베이36B,raw,
b110_overload_r1,Proposed,Medium (81-140),110,overload,156.51666666666668,1,20250924,53,BLK_53S,10,베이36B 수정,8,2025-09-25 07:08:47,2025-09-25 07:43:20,34.5,36B,베이36B,raw,
b110_overload_r1,Proposed,Medium (81-140),110,overload,156.51666666666668,1,20250924,14,BLK_14S,11,판계,1,2025-09-24 13:52:00,2025-09-24 14:19:30,27.5,,공통,raw,
b110_overload_r1,Proposed,Medium (81-140),110,overload,156.51666666666668,1,20250924,14,BLK_14S,11,전면SAW,2,2025-09-25 03:02:36,2025-09-25 03:36:55,34.3,,공통,raw,
b110_overload_r1,Proposed,Medium (81-140),110,overload,156.51666666666668,1,20250924,14,BLK_14S,11,TurnOver,3,2025-09-25 03:36:55,2025-09-25 03:50:07,13.2,,공통,raw,
b110_overload_r1,Proposed,Medium (81-140),110,overload,156.51666666666668,1,20250924,14,BLK_14S,11,후면SAW,4,2025-09-25 05:07:12,2025-09-25 05:29:08,21.9,,공통,raw,
b110_overload_r1,Proposed,Medium (81-140),110,overload,156.51666666666668,1,20250924,14,BLK_14S,11,NC,5,2025-09-25 05:49:22,2025-09-25 06:26:06,36.7,,공통,raw,
b110_overload_r1,Proposed,Medium (81-140),110,overload,156.51666666666668,1,20250924,14,BLK_14S,11,베이35A 론지취부,6,2025-09-25 06:26:06,2025-09-25 07:27:09,61.1,35A,베이35A,raw,
b110_overload_r1,Proposed,Medium (81-140),110,overload,156.51666666666668,1,20250924,14,BLK_14S,11,베이35A 론지용접,7,2025-09-25 07:27:09,2025-09-25 07:50:02,22.9,35A,베이35A,raw,
b110_overload_r1,Proposed,Medium (81-140),110,overload,156.51666666666668,1,20250924,14,BLK_14S,11,베이35A 수정,8,2025-09-25 07:50:02,2025-09-25 08:27:00,37.0,35A,베이35A,raw,
b110_overload_r1,Proposed,Medium (81-140),110,overload,156.51666666666668,1,20250924,5,BLK_5P,12,판계,1,2025-09-24 14:19:30,2025-09-24 14:41:30,22.0,,공통,raw,
b110_overload_r1,Proposed,Medium (81-140),110,overload,156.51666666666668,1,20250924,5,BLK_5P,12,전면SAW,2,2025-09-25 03:36:55,2025-09-25 04:15:33,38.6,,공통,raw,
b110_overload_r1,Proposed,Medium (81-140),110,overload,156.51666666666668,1,20250924,5,BLK_5P,12,TurnOver,3,2025-09-25 04:15:33,2025-09-25 04:28:45,13.2,,공통,raw,
b110_overload_r1,Proposed,Medium (81-140),110,overload,156.51666666666668,1,20250924,5,BLK_5P,12,후면SAW,4,2025-09-25 05:29:08,2025-09-25 05:56:45,27.6,,공통,raw,
b110_overload_r1,Proposed,Medium (81-140),110,overload,156.51666666666668,1,20250924,5,BLK_5P,12,NC,5,2025-09-25 06:26:06,2025-09-25 06:57:21,31.2,,공통,raw,
b110_overload_r1,Proposed,Medium (81-140),110,overload,156.51666666666668,1,20250924,5,BLK_5P,12,베이36B 론지취부,6,2025-09-25 06:57:21,2025-09-25 07:43:00,45.7,36B,베이36B,raw,
b110_overload_r1,Proposed,Medium (81-140),110,overload,156.51666666666668,1,20250924,5,BLK_5P,12,베이36B 론지용접,7,2025-09-25 07:43:00,2025-09-25 08:03:14,20.2,36B,베이36B,raw,
b110_overload_r1,Proposed,Medium (81-140),110,overload,156.51666666666668,1,20250924,5,BLK_5P,12,베이36B 수정,8,2025-09-25 08:03:14,2025-09-25 08:30:31,27.3,36B,베이36B,raw,
b110_overload_r1,Proposed,Medium (81-140),110,overload,156.51666666666668,1,20250924,107,BLK_5S,13,판계,1,2025-09-24 14:41:30,2025-09-24 15:03:30,22.0,,공통,raw,
b110_overload_r1,Proposed,Medium (81-140),110,overload,156.51666666666668,1,20250924,107,BLK_5S,13,전면SAW,2,2025-09-25 04:15:33,2025-09-25 04:54:12,38.6,,공통,raw,
b110_overload_r1,Proposed,Medium (81-140),110,overload,156.51666666666668,1,20250924,107,BLK_5S,13,TurnOver,3,2025-09-25 04:54:12,2025-09-25 05:07:24,13.2,,공통,raw,
b110_overload_r1,Proposed,Medium (81-140),110,overload,156.51666666666668,1,20250924,107,BLK_5S,13,후면SAW,4,2025-09-25 05:56:45,2025-09-25 06:24:22,27.6,,공통,raw,
b110_overload_r1,Proposed,Medium (81-140),110,overload,156.51666666666668,1,20250924,107,BLK_5S,13,NC,5,2025-09-25 06:57:21,2025-09-25 07:28:35,31.2,,공통,raw,
b110_overload_r1,Proposed,Medium (81-140),110,overload,156.51666666666668,1,20250924,107,BLK_5S,13,베이35A 론지취부,6,2025-09-25 07:28:35,2025-09-25 08:14:14,45.7,35A,베이35A,raw,
b110_overload_r1,Proposed,Medium (81-140),110,overload,156.51666666666668,1,20250924,107,BLK_5S,13,베이35A 론지용접,7,2025-09-25 08:14:14,2025-09-25 08:34:29,20.2,35A,베이35A,raw,
b110_overload_r1,Proposed,Medium (81-140),110,overload,156.51666666666668,1,20250924,107,BLK_5S,13,베이35A 수정,8,2025-09-25 08:34:29,2025-09-25 09:01:45,27.3,35A,베이35A,raw,
b110_overload_r1,Proposed,Medium (81-140),110,overload,156.51666666666668,1,20250924,103,BLK_103P,14,판계,1,2025-09-24 15:03:30,2025-09-24 15:31:00,27.5,,공통,raw,
b110_overload_r1,Proposed,Medium (81-140),110,overload,156.51666666666668,1,20250924,103,BLK_103P,14,전면SAW,2,2025-09-25 04:54:12,2025-09-25 05:26:51,32.6,,공통,raw,
b110_overload_r1,Proposed,Medium (81-140),110,overload,156.51666666666668,1,20250924,103,BLK_103P,14,TurnOver,3,2025-09-25 05:26:51,2025-09-25 05:40:03,13.2,,공통,raw,
b110_overload_r1,Proposed,Medium (81-140),110,overload,156.51666666666668,1,20250924,103,BLK_103P,14,후면SAW,4,2025-09-25 06:24:22,2025-09-25 06:44:05,19.7,,공통,raw,
b110_overload_r1,Proposed,Medium (81-140),110,overload,156.51666666666668,1,20250924,103,BLK_103P,14,NC,5,2025-09-25 07:28:35,2025-09-25 08:06:01,37.4,,공통,raw,
b110_overload_r1,Proposed,Medium (81-140),110,overload,156.51666666666668,1,20250924,103,BLK_103P,14,베이36B 론지취부,6,2025-09-25 08:06:01,2025-09-25 09:03:13,57.2,36B,베이36B,raw,
b110_overload_r1,Proposed,Medium (81-140),110,overload,156.51666666666668,1,20250924,103,BLK_103P,14,베이36B 론지용접,7,2025-09-25 09:03:13,2025-09-25 09:25:26,22.2,36B,베이36B,raw,
b110_overload_r1,Proposed,Medium (81-140),110,overload,156.51666666666668,1,20250924,103,BLK_103P,14,베이36B 수정,8,2025-09-25 09:25:26,2025-09-25 09:59:59,34.5,36B,베이36B,raw,
b110_overload_r1,Proposed,Medium (81-140),110,overload,156.51666666666668,1,20250924,73,BLK_73C,15,판계,1,2025-09-24 15:31:00,2025-09-24 16:20:30,49.5,,공통,raw,
b110_overload_r1,Proposed,Medium (81-140),110,overload,156.51666666666668,1,20250924,73,BLK_73C,15,전면SAW,2,2025-09-25 05:26:51,2025-09-25 06:08:26,41.6,,공통,raw,
b110_overload_r1,Proposed,Medium (81-140),110,overload,156.51666666666668,1,20250924,73,BLK_73C,15,TurnOver,3,2025-09-25 06:08:26,2025-09-25 06:21:38,13.2,,공통,raw,
b110_overload_r1,Proposed,Medium (81-140),110,overload,156.51666666666668,1,20250924,73,BLK_73C,15,후면SAW,4,2025-09-25 06:44:05,2025-09-25 07:15:35,31.5,,공통,raw,
b110_overload_r1,Proposed,Medium (81-140),110,overload,156.51666666666668,1,20250924,73,BLK_73C,15,NC,5,2025-09-25 08:06:01,2025-09-25 09:05:57,59.9,,공통,raw,
b110_overload_r1,Proposed,Medium (81-140),110,overload,156.51666666666668,1,20250924,73,BLK_73C,15,베이36B 론지취부,6,2025-09-25 09:05:57,2025-09-25 10:37:48,91.9,36B,베이36B,raw,
b110_overload_r1,Proposed,Medium (81-140),110,overload,156.51666666666668,1,20250924,73,BLK_73C,15,베이36B 론지용접,7,2025-09-25 10:37:48,2025-09-25 11:05:57,28.2,36B,베이36B,raw,
b110_overload_r1,Proposed,Medium (81-140),110,overload,156.51666666666668,1,20250924,73,BLK_73C,15,베이36B 수정,8,2025-09-25 11:05:57,2025-09-25 12:02:17,56.3,36B,베이36B,raw,
b110_overload_r1,Proposed,Medium (81-140),110,overload,156.51666666666668,1,20250924,9,BLK_9S,16,판계,1,2025-09-24 16:20:30,2025-09-24 16:48:00,27.5,,공통,raw,
b110_overload_r1,Proposed,Medium (81-140),110,overload,156.51666666666668,1,20250924,9,BLK_9S,16,전면SAW,2,2025-09-25 06:08:26,2025-09-25 06:45:28,37.0,,공통,raw,
b110_overload_r1,Proposed,Medium (81-140),110,overload,156.51666666666668,1,20250924,9,BLK_9S,16,TurnOver,3,2025-09-25 06:45:28,2025-09-25 06:58:40,13.2,,공통,raw,
b110_overload_r1,Proposed,Medium (81-140),110,overload,156.51666666666668,1,20250924,9,BLK_9S,16,후면SAW,4,2025-09-25 07:15:35,2025-09-25 07:41:04,25.5,,공통,raw,
b110_overload_r1,Proposed,Medium (81-140),110,overload,156.51666666666668,1,20250924,9,BLK_9S,16,NC,5,2025-09-25 09:05:57,2025-09-25 09:46:39,40.7,,공통,raw,
b110_overload_r1,Proposed,Medium (81-140),110,overload,156.51666666666668,1,20250924,9,BLK_9S,16,베이35A 론지취부,6,2025-09-25 09:46:39,2025-09-25 11:03:06,76.5,35A,베이35A,raw,
b110_overload_r1,Proposed,Medium (81-140),110,overload,156.51666666666668,1,20250924,9,BLK_9S,16,베이35A 론지용접,7,2025-09-25 11:03:06,2025-09-25 11:28:37,25.5,35A,베이35A,raw,
b110_overload_r1,Proposed,Medium (81-140),110,overload,156.51666666666668,1,20250924,9,BLK_9S,16,베이35A 수정,8,2025-09-25 11:28:37,2025-09-25 12:15:15,46.6,35A,베이35A,raw,
b110_overload_r1,Proposed,Medium (81-140),110,overload,156.51666666666668,1,20250924,21,BLK_21C,17,판계,1,2025-09-24 16:48:00,2025-09-24 17:10:00,22.0,,공통,raw,
b110_overload_r1,Proposed,Medium (81-140),110,overload,156.51666666666668,1,20250924,21,BLK_21C,17,전면SAW,2,2025-09-25 06:45:28,2025-09-25 07:35:16,49.8,,공통,raw,
b110_overload_r1,Proposed,Medium (81-140),110,overload,156.51666666666668,1,20250924,21,BLK_21C,17,TurnOver,3,2025-09-25 07:35:16,2025-09-25 07:48:28,13.2,,공통,raw,
b110_overload_r1,Proposed,Medium (81-140),110,overload,156.51666666666668,1,20250924,21,BLK_21C,17,후면SAW,4,2025-09-25 07:48:28,2025-09-25 08:30:47,42.3,,공통,raw,
b110_overload_r1,Proposed,Medium (81-140),110,overload,156.51666666666668,1,20250924,21,BLK_21C,17,NC,5,2025-09-25 09:46:39,2025-09-25 10:19:37,33.0,,공통,raw,
b110_overload_r1,Proposed,Medium (81-140),110,overload,156.51666666666668,1,20250924,21,BLK_21C,17,베이36B 론지취부,6,2025-09-25 10:37:48,2025-09-25 11:27:18,49.5,36B,베이36B,raw,
b110_overload_r1,Proposed,Medium (81-140),110,overload,156.51666666666668,1,20250924,21,BLK_21C,17,베이36B 론지용접,7,2025-09-25 11:27:18,2025-09-25 11:48:12,20.9,36B,베이36B,raw,
b110_overload_r1,Proposed,Medium (81-140),110,overload,156.51666666666668,1,20250924,21,BLK_21C,17,베이36B 수정,8,2025-09-25 12:02:17,2025-09-25 12:31:59,29.7,36B,베이36B,raw,
b110_overload_r1,Proposed,Medium (81-140),110,overload,156.51666666666668,1,20250924,37,BLK_37C,18,판계,1,2025-09-24 17:10:00,2025-09-24 17:43:00,33.0,,공통,raw,
b110_overload_r1,Proposed,Medium (81-140),110,overload,156.51666666666668,1,20250924,37,BLK_37C,18,전면SAW,2,2025-09-25 07:35:16,2025-09-25 09:49:03,133.8,,공통,raw,
b110_overload_r1,Proposed,Medium (81-140),110,overload,156.51666666666668,1,20250924,37,BLK_37C,18,TurnOver,3,2025-09-25 09:49:03,2025-09-25 10:02:15,13.2,,공통,raw,
b110_overload_r1,Proposed,Medium (81-140),110,overload,156.51666666666668,1,20250924,37,BLK_37C,18,후면SAW,4,2025-09-25 10:02:15,2025-09-25 11:38:24,96.1,,공통,raw,
b110_overload_r1,Proposed,Medium (81-140),110,overload,156.51666666666668,1,20250924,37,BLK_37C,18,NC,5,2025-09-25 11:38:24,2025-09-25 12:40:59,62.6,,공통,raw,
b110_overload_r1,Proposed,Medium (81-140),110,overload,156.51666666666668,1,20250924,37,BLK_37C,18,베이35A 론지취부,6,2025-09-25 12:40:59,2025-09-25 14:28:14,107.3,35A,베이35A,raw,
b110_overload_r1,Proposed,Medium (81-140),110,overload,156.51666666666668,1,20250924,37,BLK_37C,18,베이35A 론지용접,7,2025-09-25 14:28:14,2025-09-25 14:59:02,30.8,35A,베이35A,raw,
b110_overload_r1,Proposed,Medium (81-140),110,overload,156.51666666666668,1,20250924,37,BLK_37C,18,베이35A 수정,8,2025-09-25 14:59:02,2025-09-25 16:05:02,66.0,35A,베이35A,raw,
b110_overload_r1,Proposed,Medium (81-140),110,overload,156.51666666666668,1,20250924,4,BLK_4P,19,판계,1,2025-09-24 17:43:00,2025-09-24 17:56:12,13.2,,공통,raw,
b110_overload_r1,Proposed,Medium (81-140),110,overload,156.51666666666668,1,20250924,4,BLK_4P,19,전면SAW,2,2025-09-25 09:49:03,2025-09-25 10:32:29,43.4,,공통,raw,
b110_overload_r1,Proposed,Medium (81-140),110,overload,156.51666666666668,1,20250924,4,BLK_4P,19,TurnOver,3,2025-09-25 10:32:29,2025-09-25 10:45:41,13.2,,공통,raw,
b110_overload_r1,Proposed,Medium (81-140),110,overload,156.51666666666668,1,20250924,4,BLK_4P,19,후면SAW,4,2025-09-25 11:38:24,2025-09-25 12:12:19,33.9,,공통,raw,
b110_overload_r1,Proposed,Medium (81-140),110,overload,156.51666666666668,1,20250924,4,BLK_4P,19,NC,5,2025-09-25 12:40:59,2025-09-25 13:04:05,23.1,,공통,raw,
b110_overload_r1,Proposed,Medium (81-140),110,overload,156.51666666666668,1,20250924,4,BLK_4P,19,베이36B 론지취부,6,2025-09-25 13:04:05,2025-09-25 13:47:28,43.4,36B,베이36B,raw,
b110_overload_r1,Proposed,Medium (81-140),110,overload,156.51666666666668,1,20250924,4,BLK_4P,19,베이36B 론지용접,7,2025-09-25 13:47:28,2025-09-25 14:09:05,21.6,36B,베이36B,raw,
b110_overload_r1,Proposed,Medium (81-140),110,overload,156.51666666666668,1,20250924,4,BLK_4P,19,베이36B 수정,8,2025-09-25 14:09:05,2025-09-25 14:31:31,22.4,36B,베이36B,raw,
b110_overload_r1,Proposed,Medium (81-140),110,overload,156.51666666666668,1,20250925,13,BLK_13C,1,판계,1,2025-09-25 08:00:00,2025-09-25 08:22:00,22.0,,공통,raw,
b110_overload_r1,Proposed,Medium (81-140),110,overload,156.51666666666668,1,20250925,13,BLK_13C,1,전면SAW,2,2025-09-25 08:22:00,2025-09-25 09:01:03,39.1,,공통,raw,
b110_overload_r1,Proposed,Medium (81-140),110,overload,156.51666666666668,1,20250925,13,BLK_13C,1,TurnOver,3,2025-09-25 09:01:03,2025-09-25 09:14:15,13.2,,공통,raw,
b110_overload_r1,Proposed,Medium (81-140),110,overload,156.51666666666668,1,20250925,13,BLK_13C,1,후면SAW,4,2025-09-25 09:14:15,2025-09-25 09:42:23,28.1,,공통,raw,
b110_overload_r1,Proposed,Medium (81-140),110,overload,156.51666666666668,1,20250925,13,BLK_13C,1,NC,5,2025-09-25 09:42:23,2025-09-25 10:14:12,31.8,,공통,raw,
b110_overload_r1,Proposed,Medium (81-140),110,overload,156.51666666666668,1,20250925,13,BLK_13C,1,베이35A 론지취부,6,2025-09-25 10:14:12,2025-09-25 11:11:24,57.2,35A,베이35A,raw,
b110_overload_r1,Proposed,Medium (81-140),110,overload,156.51666666666668,1,20250925,13,BLK_13C,1,베이35A 론지용접,7,2025-09-25 11:11:24,2025-09-25 11:33:37,22.2,35A,베이35A,raw,
b110_overload_r1,Proposed,Medium (81-140),110,overload,156.51666666666668,1,20250925,13,BLK_13C,1,베이35A 수정,8,2025-09-25 11:33:37,2025-09-25 12:08:09,34.5,35A,베이35A,raw,
b110_overload_r1,Proposed,Medium (81-140),110,overload,156.51666666666668,1,20250925,29,BLK_29P,2,판계,1,2025-09-25 08:22:00,2025-09-25 08:44:00,22.0,,공통,raw,
b110_overload_r1,Proposed,Medium (81-140),110,overload,156.51666666666668,1,20250925,29,BLK_29P,2,전면SAW,2,2025-09-25 09:01:03,2025-09-25 09:40:46,39.7,,공통,raw,
b110_overload_r1,Proposed,Medium (81-140),110,overload,156.51666666666668,1,20250925,29,BLK_29P,2,TurnOver,3,2025-09-25 09:40:46,2025-09-25 09:53:58,13.2,,공통,raw,
b110_overload_r1,Proposed,Medium (81-140),110,overload,156.51666666666668,1,20250925,29,BLK_29P,2,후면SAW,4,2025-09-25 09:53:58,2025-09-25 10:23:00,29.0,,공통,raw,
b110_overload_r1,Proposed,Medium (81-140),110,overload,156.51666666666668,1,20250925,29,BLK_29P,2,NC,5,2025-09-25 10:23:00,2025-09-25 10:56:03,33.1,,공통,raw,
b110_overload_r1,Proposed,Medium (81-140),110,overload,156.51666666666668,1,20250925,29,BLK_29P,2,베이36B 론지취부,6,2025-09-25 10:56:03,2025-09-25 11:49:24,53.4,36B,베이36B,raw,
b110_overload_r1,Proposed,Medium (81-140),110,overload,156.51666666666668,1,20250925,29,BLK_29P,2,베이36B 론지용접,7,2025-09-25 11:49:24,2025-09-25 12:10:58,21.6,36B,베이36B,raw,
b110_overload_r1,Proposed,Medium (81-140),110,overload,156.51666666666668,1,20250925,29,BLK_29P,2,베이36B 수정,8,2025-09-25 12:10:58,2025-09-25 12:43:05,32.1,36B,베이36B,raw,
b110_overload_r1,Proposed,Medium (81-140),110,overload,156.51666666666668,1,20250925,33,BLK_33P,3,판계,1,2025-09-25 08:44:00,2025-09-25 09:33:30,49.5,,공통,raw,
b110_overload_r1,Proposed,Medium (81-140),110,overload,156.51666666666668,1,20250925,33,BLK_33P,3,전면SAW,2,2025-09-25 09:40:46,2025-09-25 10:20:21,39.6,,공통,raw,
b110_overload_r1,Proposed,Medium (81-140),110,overload,156.51666666666668,1,20250925,33,BLK_33P,3,TurnOver,3,2025-09-25 10:20:21,2025-09-25 10:33:33,13.2,,공통,raw,
b110_overload_r1,Proposed,Medium (81-140),110,overload,156.51666666666668,1,20250925,33,BLK_33P,3,후면SAW,4,2025-09-25 10:33:33,2025-09-25 11:02:25,28.9,,공통,raw,
b110_overload_r1,Proposed,Medium (81-140),110,overload,156.51666666666668,1,20250925,33,BLK_33P,3,NC,5,2025-09-25 11:02:25,2025-09-25 12:01:31,59.1,,공통,raw,
b110_overload_r1,Proposed,Medium (81-140),110,overload,156.51666666666668,1,20250925,33,BLK_33P,3,베이35A 론지취부,6,2025-09-25 12:01:31,2025-09-25 13:48:46,107.3,35A,베이35A,raw,
b110_overload_r1,Proposed,Medium (81-140),110,overload,156.51666666666668,1,20250925,33,BLK_33P,3,베이35A 론지용접,7,2025-09-25 13:48:46,2025-09-25 14:19:34,30.8,35A,베이35A,raw,
b110_overload_r1,Proposed,Medium (81-140),110,overload,156.51666666666668,1,20250925,33,BLK_33P,3,베이35A 수정,8,2025-09-25 14:19:34,2025-09-25 15:25:34,66.0,35A,베이35A,raw,
b110_overload_r1,Proposed,Medium (81-140),110,overload,156.51666666666668,1,20250925,41,BLK_41C,4,판계,1,2025-09-25 09:33:30,2025-09-25 10:06:30,33.0,,공통,raw,
b110_overload_r1,Proposed,Medium (81-140),110,overload,156.51666666666668,1,20250925,41,BLK_41C,4,전면SAW,2,2025-09-25 10:20:21,2025-09-25 10:53:15,32.9,,공통,raw,
b110_overload_r1,Proposed,Medium (81-140),110,overload,156.51666666666668,1,20250925,41,BLK_41C,4,TurnOver,3,2025-09-25 10:53:15,2025-09-25 11:06:27,13.2,,공통,raw,
b110_overload_r1,Proposed,Medium (81-140),110,overload,156.51666666666668,1,20250925,41,BLK_41C,4,후면SAW,4,2025-09-25 11:06:27,2025-09-25 11:26:28,20.0,,공통,raw,
b110_overload_r1,Proposed,Medium (81-140),110,overload,156.51666666666668,1,20250925,41,BLK_41C,4,NC,5,2025-09-25 12:01:31,2025-09-25 12:54:39,53.1,,공통,raw,
b110_overload_r1,Proposed,Medium (81-140),110,overload,156.51666666666668,1,20250925,41,BLK_41C,4,베이36B 론지취부,6,2025-09-25 12:54:39,2025-09-25 14:18:48,84.2,36B,베이36B,raw,
b110_overload_r1,Proposed,Medium (81-140),110,overload,156.51666666666668,1,20250925,41,BLK_41C,4,베이36B 론지용접,7,2025-09-25 14:18:48,2025-09-25 14:45:38,26.8,36B,베이36B,raw,
b110_overload_r1,Proposed,Medium (81-140),110,overload,156.51666666666668,1,20250925,41,BLK_41C,4,베이36B 수정,8,2025-09-25 14:45:38,2025-09-25 15:37:07,51.5,36B,베이36B,raw,
b110_overload_r1,Proposed,Medium (81-140),110,overload,156.51666666666668,1,20250925,105,BLK_10S,5,판계,1,2025-09-25 10:06:30,2025-09-25 10:48:18,41.8,,공통,raw,
b110_overload_r1,Proposed,Medium (81-140),110,overload,156.51666666666668,1,20250925,105,BLK_10S,5,전면SAW,2,2025-09-25 10:53:15,2025-09-25 12:38:41,105.4,,공통,raw,
b110_overload_r1,Proposed,Medium (81-140),110,overload,156.51666666666668,1,20250925,105,BLK_10S,5,TurnOver,3,2025-09-25 12:38:41,2025-09-25 12:51:53,13.2,,공통,raw,
b110_overload_r1,Proposed,Medium (81-140),110,overload,156.51666666666668,1,20250925,105,BLK_10S,5,후면SAW,4,2025-09-25 12:51:53,2025-09-25 14:14:33,82.7,,공통,raw,
b110_overload_r1,Proposed,Medium (81-140),110,overload,156.51666666666668,1,20250925,105,BLK_10S,5,NC,5,2025-09-25 14:14:33,2025-09-25 15:05:19,50.8,,공통,raw,
b110_overload_r1,Proposed,Medium (81-140),110,overload,156.51666666666668,1,20250925,105,BLK_10S,5,베이35A 론지취부,6,2025-09-25 15:05:19,2025-09-25 16:17:55,72.6,35A,베이35A,raw,
b110_overload_r1,Proposed,Medium (81-140),110,overload,156.51666666666668,1,20250925,105,BLK_10S,5,베이35A 론지용접,7,2025-09-25 16:17:55,2025-09-25 16:42:47,24.9,35A,베이35A,raw,
b110_overload_r1,Proposed,Medium (81-140),110,overload,156.51666666666668,1,20250925,105,BLK_10S,5,베이35A 수정,8,2025-09-25 16:42:47,2025-09-25 17:27:00,44.2,35A,베이35A,raw,
b110_overload_r1,Proposed,Medium (81-140),110,overload,156.51666666666668,1,20250925,30,BLK_30P,6,판계,1,2025-09-25 10:48:18,2025-09-25 11:10:18,22.0,,공통,raw,
b110_overload_r1,Proposed,Medium (81-140),110,overload,156.51666666666668,1,20250925,30,BLK_30P,6,전면SAW,2,2025-09-25 12:38:41,2025-09-25 13:29:36,50.9,,공통,raw,
b110_overload_r1,Proposed,Medium (81-140),110,overload,156.51666666666668,1,20250925,30,BLK_30P,6,TurnOver,3,2025-09-25 13:29:36,2025-09-25 13:42:48,13.2,,공통,raw,
b110_overload_r1,Proposed,Medium (81-140),110,overload,156.51666666666668,1,20250925,30,BLK_30P,6,후면SAW,4,2025-09-25 14:14:33,2025-09-25 14:58:19,43.8,,공통,raw,
b110_overload_r1,Proposed,Medium (81-140),110,overload,156.51666666666668,1,20250925,30,BLK_30P,6,NC,5,2025-09-25 15:05:19,2025-09-25 15:36:33,31.2,,공통,raw,
b110_overload_r1,Proposed,Medium (81-140),110,overload,156.51666666666668,1,20250925,30,BLK_30P,6,베이36B 론지취부,6,2025-09-25 15:36:33,2025-09-25 16:49:09,72.6,36B,베이36B,raw,
b110_overload_r1,Proposed,Medium (81-140),110,overload,156.51666666666668,1,20250925,30,BLK_30P,6,베이36B 론지용접,7,2025-09-25 16:49:09,2025-09-25 17:14:00,24.9,36B,베이36B,raw,
b110_overload_r1,Proposed,Medium (81-140),110,overload,156.51666666666668,1,20250925,30,BLK_30P,6,베이36B 수정,8,2025-09-25 17:14:00,2025-09-25 17:58:14,44.2,36B,베이36B,raw,
b110_overload_r1,Proposed,Medium (81-140),110,overload,156.51666666666668,1,20250925,10,BLK_10P,7,판계,1,2025-09-25 11:10:18,2025-09-25 11:52:06,41.8,,공통,raw,
b110_overload_r1,Proposed,Medium (81-140),110,overload,156.51666666666668,1,20250925,10,BLK_10P,7,전면SAW,2,2025-09-25 13:29:36,2025-09-25 15:15:02,105.4,,공통,raw,
b110_overload_r1,Proposed,Medium (81-140),110,overload,156.51666666666668,1,20250925,10,BLK_10P,7,TurnOver,3,2025-09-25 15:15:02,2025-09-25 15:28:14,13.2,,공통,raw,
b110_overload_r1,Proposed,Medium (81-140),110,overload,156.51666666666668,1,20250925,10,BLK_10P,7,후면SAW,4,2025-09-25 15:28:14,2025-09-25 16:50:54,82.7,,공통,raw,
b110_overload_r1,Proposed,Medium (81-140),110,overload,156.51666666666668,1,20250925,10,BLK_10P,7,NC,5,2025-09-25 16:50:54,2025-09-25 17:41:40,50.8,,공통,raw,
b110_overload_r1,Proposed,Medium (81-140),110,overload,156.51666666666668,1,20250925,10,BLK_10P,7,베이35A 론지취부,6,2025-09-25 17:41:40,2025-09-25 18:54:16,72.6,35A,베이35A,raw,
b110_overload_r1,Proposed,Medium (81-140),110,overload,156.51666666666668,1,20250925,10,BLK_10P,7,베이35A 론지용접,7,2025-09-25 18:54:16,2025-09-25 19:19:08,24.9,35A,베이35A,raw,
b110_overload_r1,Proposed,Medium (81-140),110,overload,156.51666666666668,1,20250925,10,BLK_10P,7,베이35A 수정,8,2025-09-25 19:19:08,2025-09-25 20:03:21,44.2,35A,베이35A,raw,
b110_overload_r1,Proposed,Medium (81-140),110,overload,156.51666666666668,1,20250925,90,BLK_90C,8,판계,1,2025-09-25 11:52:06,2025-09-25 12:14:06,22.0,,공통,raw,
b110_overload_r1,Proposed,Medium (81-140),110,overload,156.51666666666668,1,20250925,90,BLK_90C,8,전면SAW,2,2025-09-25 15:15:02,2025-09-25 16:01:12,46.2,,공통,raw,
b110_overload_r1,Proposed,Medium (81-140),110,overload,156.51666666666668,1,20250925,90,BLK_90C,8,TurnOver,3,2025-09-25 16:01:12,2025-09-25 16:14:24,13.2,,공통,raw,
b110_overload_r1,Proposed,Medium (81-140),110,overload,156.51666666666668,1,20250925,90,BLK_90C,8,후면SAW,4,2025-09-25 16:50:54,2025-09-25 17:28:25,37.5,,공통,raw,
b110_overload_r1,Proposed,Medium (81-140),110,overload,156.51666666666668,1,20250925,90,BLK_90C,8,NC,5,2025-09-25 17:41:40,2025-09-25 18:16:29,34.8,,공통,raw,
b110_overload_r1,Proposed,Medium (81-140),110,overload,156.51666666666668,1,20250925,90,BLK_90C,8,베이36B 론지취부,6,2025-09-25 18:16:29,2025-09-25 19:44:29,88.0,36B,베이36B,raw,
b110_overload_r1,Proposed,Medium (81-140),110,overload,156.51666666666668,1,20250925,90,BLK_90C,8,베이36B 론지용접,7,2025-09-25 19:44:29,2025-09-25 20:11:59,27.5,36B,베이36B,raw,
b110_overload_r1,Proposed,Medium (81-140),110,overload,156.51666666666668,1,20250925,90,BLK_90C,8,베이36B 수정,8,2025-09-25 20:11:59,2025-09-25 21:05:53,53.9,36B,베이36B,raw,
b110_overload_r1,Proposed,Medium (81-140),110,overload,156.51666666666668,1,20250925,45,BLK_45C,9,판계,1,2025-09-25 12:14:06,2025-09-25 12:47:06,33.0,,공통,raw,
b110_overload_r1,Proposed,Medium (81-140),110,overload,156.51666666666668,1,20250925,45,BLK_45C,9,전면SAW,2,2025-09-25 16:01:12,2025-09-25 17:40:20,99.1,,공통,raw,
b110_overload_r1,Proposed,Medium (81-140),110,overload,156.51666666666668,1,20250925,45,BLK_45C,9,TurnOver,3,2025-09-25 17:40:20,2025-09-25 17:53:32,13.2,,공통,raw,
b110_overload_r1,Proposed,Medium (81-140),110,overload,156.51666666666668,1,20250925,45,BLK_45C,9,후면SAW,4,2025-09-25 17:53:32,2025-09-25 19:10:28,76.9,,공통,raw,
b110_overload_r1,Proposed,Medium (81-140),110,overload,156.51666666666668,1,20250925,45,BLK_45C,9,NC,5,2025-09-25 19:10:28,2025-09-25 20:05:42,55.2,,공통,raw,
b110_overload_r1,Proposed,Medium (81-140),110,overload,156.51666666666668,1,20250925,45,BLK_45C,9,베이35A 론지취부,6,2025-09-25 20:05:42,2025-09-25 21:29:51,84.2,35A,베이35A,raw,
b110_overload_r1,Proposed,Medium (81-140),110,overload,156.51666666666668,1,20250925,45,BLK_45C,9,베이35A 론지용접,7,2025-09-25 21:29:51,2025-09-25 21:56:41,26.8,35A,베이35A,raw,
b110_overload_r1,Proposed,Medium (81-140),110,overload,156.51666666666668,1,20250925,45,BLK_45C,9,베이35A 수정,8,2025-09-25 21:56:41,2025-09-25 22:48:10,51.5,35A,베이35A,raw,
b110_overload_r1,Proposed,Medium (81-140),110,overload,156.51666666666668,1,20250925,56,BLK_56P,10,판계,1,2025-09-25 12:47:06,2025-09-25 13:16:48,29.7,,공통,raw,
b110_overload_r1,Proposed,Medium (81-140),110,overload,156.51666666666668,1,20250925,56,BLK_56P,10,전면SAW,2,2025-09-25 17:40:20,2025-09-25 20:34:19,174.0,,공통,raw,
b110_overload_r1,Proposed,Medium (81-140),110,overload,156.51666666666668,1,20250925,56,BLK_56P,10,TurnOver,3,2025-09-25 20:34:19,2025-09-25 20:47:31,13.2,,공통,raw,
b110_overload_r1,Proposed,Medium (81-140),110,overload,156.51666666666668,1,20250925,56,BLK_56P,10,후면SAW,4,2025-09-25 20:47:31,2025-09-25 22:55:50,128.3,,공통,raw,
b110_overload_r1,Proposed,Medium (81-140),110,overload,156.51666666666668,1,20250925,56,BLK_56P,10,NC,5,2025-09-25 22:55:50,2025-09-25 23:31:10,35.3,,공통,raw,
b110_overload_r1,Proposed,Medium (81-140),110,overload,156.51666666666668,1,20250925,56,BLK_56P,10,베이36B 론지취부,6,2025-09-25 23:31:10,2025-09-26 00:20:40,49.5,36B,베이36B,raw,
b110_overload_r1,Proposed,Medium (81-140),110,overload,156.51666666666668,1,20250925,56,BLK_56P,10,베이36B 론지용접,7,2025-09-26 00:20:40,2025-09-26 00:41:34,20.9,36B,베이36B,raw,
b110_overload_r1,Proposed,Medium (81-140),110,overload,156.51666666666668,1,20250925,56,BLK_56P,10,베이36B 수정,8,2025-09-26 00:41:34,2025-09-26 01:11:16,29.7,36B,베이36B,raw,
b110_overload_r1,Proposed,Medium (81-140),110,overload,156.51666666666668,1,20250925,65,BLK_65S,11,판계,1,2025-09-25 13:16:48,2025-09-25 14:06:18,49.5,,공통,raw,
b110_overload_r1,Proposed,Medium (81-140),110,overload,156.51666666666668,1,20250925,65,BLK_65S,11,전면SAW,2,2025-09-25 20:34:19,2025-09-25 21:19:38,45.3,,공통,raw,
b110_overload_r1,Proposed,Medium (81-140),110,overload,156.51666666666668,1,20250925,65,BLK_65S,11,TurnOver,3,2025-09-25 21:19:38,2025-09-25 21:32:50,13.2,,공통,raw,
b110_overload_r1,Proposed,Medium (81-140),110,overload,156.51666666666668,1,20250925,65,BLK_65S,11,후면SAW,4,2025-09-25 22:55:50,2025-09-25 23:32:14,36.4,,공통,raw,
b110_overload_r1,Proposed,Medium (81-140),110,overload,156.51666666666668,1,20250925,65,BLK_65S,11,NC,5,2025-09-25 23:32:14,2025-09-26 00:38:36,66.4,,공통,raw,
b110_overload_r1,Proposed,Medium (81-140),110,overload,156.51666666666668,1,20250925,65,BLK_65S,11,베이36B 론지취부,6,2025-09-26 00:38:36,2025-09-26 02:56:39,138.1,36B,베이36B,raw,
b110_overload_r1,Proposed,Medium (81-140),110,overload,156.51666666666668,1,20250925,65,BLK_65S,11,베이36B 론지용접,7,2025-09-26 02:56:39,2025-09-26 03:32:44,36.1,36B,베이36B,raw,
b110_overload_r1,Proposed,Medium (81-140),110,overload,156.51666666666668,1,20250925,65,BLK_65S,11,베이36B 수정,8,2025-09-26 03:32:44,2025-09-26 04:58:06,85.4,36B,베이36B,raw,
b110_overload_r1,Proposed,Medium (81-140),110,overload,156.51666666666668,1,20250925,55,BLK_55P,12,판계,1,2025-09-25 14:06:18,2025-09-25 14:55:48,49.5,,공통,raw,
b110_overload_r1,Proposed,Medium (81-140),110,overload,156.51666666666668,1,20250925,55,BLK_55P,12,전면SAW,2,2025-09-25 21:19:38,2025-09-25 23:46:58,147.3,,공통,raw,
b110_overload_r1,Proposed,Medium (81-140),110,overload,156.51666666666668,1,20250925,55,BLK_55P,12,TurnOver,3,2025-09-25 23:46:58,2025-09-26 00:00:10,13.2,,공통,raw,
b110_overload_r1,Proposed,Medium (81-140),110,overload,156.51666666666668,1,20250925,55,BLK_55P,12,후면SAW,4,2025-09-26 00:00:10,2025-09-26 01:47:09,107.0,,공통,raw,
b110_overload_r1,Proposed,Medium (81-140),110,overload,156.51666666666668,1,20250925,55,BLK_55P,12,NC,5,2025-09-26 01:47:09,2025-09-26 02:45:16,58.1,,공통,raw,
b110_overload_r1,Proposed,Medium (81-140),110,overload,156.51666666666668,1,20250925,55,BLK_55P,12,베이35A 론지취부,6,2025-09-26 02:45:16,2025-09-26 03:34:46,49.5,35A,베이35A,raw,
b110_overload_r1,Proposed,Medium (81-140),110,overload,156.51666666666668,1,20250925,55,BLK_55P,12,베이35A 론지용접,7,2025-09-26 03:34:46,2025-09-26 03:55:40,20.9,35A,베이35A,raw,
b110_overload_r1,Proposed,Medium (81-140),110,overload,156.51666666666668,1,20250925,55,BLK_55P,12,베이35A 수정,8,2025-09-26 03:55:40,2025-09-26 04:25:22,29.7,35A,베이35A,raw,
b110_overload_r1,Proposed,Medium (81-140),110,overload,156.51666666666668,1,20250925,46,BLK_46C,13,판계,1,2025-09-25 14:55:48,2025-09-25 15:32:06,36.3,,공통,raw,
b110_overload_r1,Proposed,Medium (81-140),110,overload,156.51666666666668,1,20250925,46,BLK_46C,13,전면SAW,2,2025-09-25 23:46:58,2025-09-26 01:52:25,125.5,,공통,raw,
b110_overload_r1,Proposed,Medium (81-140),110,overload,156.51666666666668,1,20250925,46,BLK_46C,13,TurnOver,3,2025-09-26 01:52:25,2025-09-26 02:05:37,13.2,,공통,raw,
b110_overload_r1,Proposed,Medium (81-140),110,overload,156.51666666666668,1,20250925,46,BLK_46C,13,후면SAW,4,2025-09-26 02:05:37,2025-09-26 03:46:32,100.9,,공통,raw,
b110_overload_r1,Proposed,Medium (81-140),110,overload,156.51666666666668,1,20250925,46,BLK_46C,13,NC,5,2025-09-26 03:46:32,2025-09-26 04:30:01,43.5,,공통,raw,
b110_overload_r1,Proposed,Medium (81-140),110,overload,156.51666666666668,1,20250925,46,BLK_46C,13,베이36B 론지취부,6,2025-09-26 04:30:01,2025-09-26 05:27:13,57.2,36B,베이36B,raw,
b110_overload_r1,Proposed,Medium (81-140),110,overload,156.51666666666668,1,20250925,46,BLK_46C,13,베이36B 론지용접,7,2025-09-26 05:27:13,2025-09-26 05:49:26,22.2,36B,베이36B,raw,
b110_overload_r1,Proposed,Medium (81-140),110,overload,156.51666666666668,1,20250925,46,BLK_46C,13,베이36B 수정,8,2025-09-26 05:49:26,2025-09-26 06:23:58,34.5,36B,베이36B,raw,
b110_overload_r1,Proposed,Medium (81-140),110,overload,156.51666666666668,1,20250925,72,BLK_72C,14,판계,1,2025-09-25 15:32:06,2025-09-25 15:54:06,22.0,,공통,raw,
b110_overload_r1,Proposed,Medium (81-140),110,overload,156.51666666666668,1,20250925,72,BLK_72C,14,전면SAW,2,2025-09-26 01:52:25,2025-09-26 03:28:48,96.4,,공통,raw,
b110_overload_r1,Proposed,Medium (81-140),110,overload,156.51666666666668,1,20250925,72,BLK_72C,14,TurnOver,3,2025-09-26 03:28:48,2025-09-26 03:42:00,13.2,,공통,raw,
b110_overload_r1,Proposed,Medium (81-140),110,overload,156.51666666666668,1,20250925,72,BLK_72C,14,후면SAW,4,2025-09-26 03:46:32,2025-09-26 05:00:57,74.4,,공통,raw,
b110_overload_r1,Proposed,Medium (81-140),110,overload,156.51666666666668,1,20250925,72,BLK_72C,14,NC,5,2025-09-26 05:00:57,2025-09-26 05:28:33,27.6,,공통,raw,
b110_overload_r1,Proposed,Medium (81-140),110,overload,156.51666666666668,1,20250925,72,BLK_72C,14,베이35A 론지취부,6,2025-09-26 05:28:33,2025-09-26 06:02:39,34.1,35A,베이35A,raw,
b110_overload_r1,Proposed,Medium (81-140),110,overload,156.51666666666668,1,20250925,72,BLK_72C,14,베이35A 론지용접,7,2025-09-26 06:02:39,2025-09-26 06:16:31,13.9,35A,베이35A,raw,
b110_overload_r1,Proposed,Medium (81-140),110,overload,156.51666666666668,1,20250925,72,BLK_72C,14,베이35A 수정,8,2025-09-26 06:16:31,2025-09-26 06:36:32,20.0,35A,베이35A,raw,
b110_overload_r1,Proposed,Medium (81-140),110,overload,156.51666666666668,1,20250925,92,BLK_92C,15,판계,1,2025-09-25 15:54:06,2025-09-25 16:27:06,33.0,,공통,raw,
b110_overload_r1,Proposed,Medium (81-140),110,overload,156.51666666666668,1,20250925,92,BLK_92C,15,전면SAW,2,2025-09-26 03:28:48,2025-09-26 04:14:04,45.3,,공통,raw,
b110_overload_r1,Proposed,Medium (81-140),110,overload,156.51666666666668,1,20250925,92,BLK_92C,15,TurnOver,3,2025-09-26 04:14:04,2025-09-26 04:27:16,13.2,,공통,raw,
b110_overload_r1,Proposed,Medium (81-140),110,overload,156.51666666666668,1,20250925,92,BLK_92C,15,후면SAW,4,2025-09-26 05:00:57,2025-09-26 05:37:16,36.3,,공통,raw,
b110_overload_r1,Proposed,Medium (81-140),110,overload,156.51666666666668,1,20250925,92,BLK_92C,15,NC,5,2025-09-26 05:37:16,2025-09-26 06:22:05,44.8,,공통,raw,
b110_overload_r1,Proposed,Medium (81-140),110,overload,156.51666666666668,1,20250925,92,BLK_92C,15,베이36B 론지취부,6,2025-09-26 06:22:05,2025-09-26 07:42:23,80.3,36B,베이36B,raw,
b110_overload_r1,Proposed,Medium (81-140),110,overload,156.51666666666668,1,20250925,92,BLK_92C,15,베이36B 론지용접,7,2025-09-26 07:42:23,2025-09-26 08:08:34,26.2,36B,베이36B,raw,
b110_overload_r1,Proposed,Medium (81-140),110,overload,156.51666666666668,1,20250925,92,BLK_92C,15,베이36B 수정,8,2025-09-26 08:08:34,2025-09-26 08:57:38,49.1,36B,베이36B,raw,
b110_overload_r1,Proposed,Medium (81-140),110,overload,156.51666666666668,1,20250925,95,BLK_95P,16,판계,1,2025-09-25 16:27:06,2025-09-25 17:08:54,41.8,,공통,raw,
b110_overload_r1,Proposed,Medium (81-140),110,overload,156.51666666666668,1,20250925,95,BLK_95P,16,전면SAW,2,2025-09-26 04:14:04,2025-09-26 06:21:21,127.3,,공통,raw,
b110_overload_r1,Proposed,Medium (81-140),110,overload,156.51666666666668,1,20250925,95,BLK_95P,16,TurnOver,3,2025-09-26 06:21:21,2025-09-26 06:34:33,13.2,,공통,raw,
b110_overload_r1,Proposed,Medium (81-140),110,overload,156.51666666666668,1,20250925,95,BLK_95P,16,후면SAW,4,2025-09-26 06:34:33,2025-09-26 08:17:09,102.6,,공통,raw,
b110_overload_r1,Proposed,Medium (81-140),110,overload,156.51666666666668,1,20250925,95,BLK_95P,16,NC,5,2025-09-26 08:17:09,2025-09-26 09:08:01,50.9,,공통,raw,
b110_overload_r1,Proposed,Medium (81-140),110,overload,156.51666666666668,1,20250925,95,BLK_95P,16,베이35A 론지취부,6,2025-09-26 09:08:01,2025-09-26 10:36:01,88.0,35A,베이35A,raw,
b110_overload_r1,Proposed,Medium (81-140),110,overload,156.51666666666668,1,20250925,95,BLK_95P,16,베이35A 론지용접,7,2025-09-26 10:36:01,2025-09-26 11:03:31,27.5,35A,베이35A,raw,
b110_overload_r1,Proposed,Medium (81-140),110,overload,156.51666666666668,1,20250925,95,BLK_95P,16,베이35A 수정,8,2025-09-26 11:03:31,2025-09-26 11:57:25,53.9,35A,베이35A,raw,
b110_overload_r1,Proposed,Medium (81-140),110,overload,156.51666666666668,1,20250925,12,BLK_12S,17,판계,1,2025-09-25 17:08:54,2025-09-25 17:41:54,33.0,,공통,raw,
b110_overload_r1,Proposed,Medium (81-140),110,overload,156.51666666666668,1,20250925,12,BLK_12S,17,전면SAW,2,2025-09-26 06:21:21,2025-09-26 06:55:36,34.3,,공통,raw,
b110_overload_r1,Proposed,Medium (81-140),110,overload,156.51666666666668,1,20250925,12,BLK_12S,17,TurnOver,3,2025-09-26 06:55:36,2025-09-26 07:08:48,13.2,,공통,raw,
b110_overload_r1,Proposed,Medium (81-140),110,overload,156.51666666666668,1,20250925,12,BLK_12S,17,후면SAW,4,2025-09-26 08:17:09,2025-09-26 08:38:59,21.8,,공통,raw,
b110_overload_r1,Proposed,Medium (81-140),110,overload,156.51666666666668,1,20250925,12,BLK_12S,17,NC,5,2025-09-26 09:08:01,2025-09-26 10:04:29,56.5,,공통,raw,
b110_overload_r1,Proposed,Medium (81-140),110,overload,156.51666666666668,1,20250925,12,BLK_12S,17,베이36B 론지취부,6,2025-09-26 10:04:29,2025-09-26 11:36:20,91.9,36B,베이36B,raw,
b110_overload_r1,Proposed,Medium (81-140),110,overload,156.51666666666668,1,20250925,12,BLK_12S,17,베이36B 론지용접,7,2025-09-26 11:36:20,2025-09-26 12:04:29,28.2,36B,베이36B,raw,
b110_overload_r1,Proposed,Medium (81-140),110,overload,156.51666666666668,1,20250925,12,BLK_12S,17,베이36B 수정,8,2025-09-26 12:04:29,2025-09-26 13:00:48,56.3,36B,베이36B,raw,
b110_overload_r1,Proposed,Medium (81-140),110,overload,156.51666666666668,1,20250925,87,BLK_87C,18,판계,1,2025-09-25 17:41:54,2025-09-25 18:18:12,36.3,,공통,raw,
b110_overload_r1,Proposed,Medium (81-140),110,overload,156.51666666666668,1,20250925,87,BLK_87C,18,전면SAW,2,2025-09-26 06:55:36,2025-09-26 08:54:30,118.9,,공통,raw,
b110_overload_r1,Proposed,Medium (81-140),110,overload,156.51666666666668,1,20250925,87,BLK_87C,18,TurnOver,3,2025-09-26 08:54:30,2025-09-26 09:07:42,13.2,,공통,raw,
b110_overload_r1,Proposed,Medium (81-140),110,overload,156.51666666666668,1,20250925,87,BLK_87C,18,후면SAW,4,2025-09-26 09:07:42,2025-09-26 10:42:38,94.9,,공통,raw,
b110_overload_r1,Proposed,Medium (81-140),110,overload,156.51666666666668,1,20250925,87,BLK_87C,18,NC,5,2025-09-26 10:42:38,2025-09-26 11:28:18,45.7,,공통,raw,
b110_overload_r1,Proposed,Medium (81-140),110,overload,156.51666666666668,1,20250925,87,BLK_87C,18,베이35A 론지취부,6,2025-09-26 11:28:18,2025-09-26 12:40:54,72.6,35A,베이35A,raw,
b110_overload_r1,Proposed,Medium (81-140),110,overload,156.51666666666668,1,20250925,87,BLK_87C,18,베이35A 론지용접,7,2025-09-26 12:40:54,2025-09-26 13:05:45,24.9,35A,베이35A,raw,
b110_overload_r1,Proposed,Medium (81-140),110,overload,156.51666666666668,1,20250925,87,BLK_87C,18,베이35A 수정,8,2025-09-26 13:05:45,2025-09-26 13:49:59,44.2,35A,베이35A,raw,
b110_overload_r1,Proposed,Medium (81-140),110,overload,156.51666666666668,1,20250926,50,BLK_50C,1,판계,1,2025-09-26 08:00:00,2025-09-26 08:27:30,27.5,,공통,raw,
b110_overload_r1,Proposed,Medium (81-140),110,overload,156.51666666666668,1,20250926,50,BLK_50C,1,전면SAW,2,2025-09-26 08:27:30,2025-09-26 09:05:46,38.3,,공통,raw,
b110_overload_r1,Proposed,Medium (81-140),110,overload,156.51666666666668,1,20250926,50,BLK_50C,1,TurnOver,3,2025-09-26 09:05:46,2025-09-26 09:18:58,13.2,,공통,raw,
b110_overload_r1,Proposed,Medium (81-140),110,overload,156.51666666666668,1,20250926,50,BLK_50C,1,후면SAW,4,2025-09-26 09:18:58,2025-09-26 09:46:05,27.1,,공통,raw,
b110_overload_r1,Proposed,Medium (81-140),110,overload,156.51666666666668,1,20250926,50,BLK_50C,1,NC,5,2025-09-26 09:46:05,2025-09-26 10:28:56,42.8,,공통,raw,
b110_overload_r1,Proposed,Medium (81-140),110,overload,156.51666666666668,1,20250926,50,BLK_50C,1,베이36B 론지취부,6,2025-09-26 10:28:56,2025-09-26 11:56:56,88.0,36B,베이36B,raw,
b110_overload_r1,Proposed,Medium (81-140),110,overload,156.51666666666668,1,20250926,50,BLK_50C,1,베이36B 론지용접,7,2025-09-26 11:56:56,2025-09-26 12:24:26,27.5,36B,베이36B,raw,
b110_overload_r1,Proposed,Medium (81-140),110,overload,156.51666666666668,1,20250926,50,BLK_50C,1,베이36B 수정,8,2025-09-26 12:24:26,2025-09-26 13:18:20,53.9,36B,베이36B,raw,
b110_overload_r1,Proposed,Medium (81-140),110,overload,156.51666666666668,1,20250926,62,BLK_62C,2,판계,1,2025-09-26 08:27:30,2025-09-26 09:17:00,49.5,,공통,raw,
b110_overload_r1,Proposed,Medium (81-140),110,overload,156.51666666666668,1,20250926,62,BLK_62C,2,전면SAW,2,2025-09-26 09:17:00,2025-09-26 11:34:29,137.5,,공통,raw,
b110_overload_r1,Proposed,Medium (81-140),110,overload,156.51666666666668,1,20250926,62,BLK_62C,2,TurnOver,3,2025-09-26 11:34:29,2025-09-26 11:47:41,13.2,,공통,raw,
b110_overload_r1,Proposed,Medium (81-140),110,overload,156.51666666666668,1,20250926,62,BLK_62C,2,후면SAW,4,2025-09-26 11:47:41,2025-09-26 14:08:12,140.5,,공통,raw,
b110_overload_r1,Proposed,Medium (81-140),110,overload,156.51666666666668,1,20250926,62,BLK_62C,2,NC,5,2025-09-26 14:08:12,2025-09-26 15:19:14,71.0,,공통,raw,
b110_overload_r1,Proposed,Medium (81-140),110,overload,156.51666666666668,1,20250926,62,BLK_62C,2,베이36B 론지취부,6,2025-09-26 15:19:14,2025-09-26 17:18:02,118.8,36B,베이36B,raw,
b110_overload_r1,Proposed,Medium (81-140),110,overload,156.51666666666668,1,20250926,62,BLK_62C,2,베이36B 론지용접,7,2025-09-26 17:18:02,2025-09-26 17:50:49,32.8,36B,베이36B,raw,
b110_overload_r1,Proposed,Medium (81-140),110,overload,156.51666666666668,1,20250926,62,BLK_62C,2,베이36B 수정,8,2025-09-26 17:50:49,2025-09-26 19:04:04,73.3,36B,베이36B,raw,
b110_overload_r1,Proposed,Medium (81-140),110,overload,156.51666666666668,1,20250926,16,BLK_16C,3,판계,1,2025-09-26 09:17:00,2025-09-26 09:39:00,22.0,,공통,raw,
b110_overload_r1,Proposed,Medium (81-140),110,overload,156.51666666666668,1,20250926,16,BLK_16C,3,전면SAW,2,2025-09-26 11:34:29,2025-09-26 12:14:53,40.4,,공통,raw,
b110_overload_r1,Proposed,Medium (81-140),110,overload,156.51666666666668,1,20250926,16,BLK_16C,3,TurnOver,3,2025-09-26 12:14:53,2025-09-26 12:28:05,13.2,,공통,raw,
b110_overload_r1,Proposed,Medium (81-140),110,overload,156.51666666666668,1,20250926,16,BLK_16C,3,후면SAW,4,2025-09-26 14:08:12,2025-09-26 14:38:08,29.9,,공통,raw,
b110_overload_r1,Proposed,Medium (81-140),110,overload,156.51666666666668,1,20250926,16,BLK_16C,3,NC,5,2025-09-26 15:19:14,2025-09-26 15:52:07,32.9,,공통,raw,
b110_overload_r1,Proposed,Medium (81-140),110,overload,156.51666666666668,1,20250926,16,BLK_16C,3,베이35A 론지취부,6,2025-09-26 15:52:07,2025-09-26 17:04:43,72.6,35A,베이35A,raw,
b110_overload_r1,Proposed,Medium (81-140),110,overload,156.51666666666668,1,20250926,16,BLK_16C,3,베이35A 론지용접,7,2025-09-26 17:04:43,2025-09-26 17:29:34,24.9,35A,베이35A,raw,
b110_overload_r1,Proposed,Medium (81-140),110,overload,156.51666666666668,1,20250926,16,BLK_16C,3,베이35A 수정,8,2025-09-26 17:29:34,2025-09-26 18:13:48,44.2,35A,베이35A,raw,
b110_overload_r1,Proposed,Medium (81-140),110,overload,156.51666666666668,1,20250926,18,BLK_18S,4,판계,1,2025-09-26 09:39:00,2025-09-26 10:15:18,36.3,,공통,raw,
b110_overload_r1,Proposed,Medium (81-140),110,overload,156.51666666666668,1,20250926,18,BLK_18S,4,전면SAW,2,2025-09-26 12:14:53,2025-09-26 14:35:25,140.5,,공통,raw,
b110_overload_r1,Proposed,Medium (81-140),110,overload,156.51666666666668,1,20250926,18,BLK_18S,4,TurnOver,3,2025-09-26 14:35:25,2025-09-26 14:48:37,13.2,,공통,raw,
b110_overload_r1,Proposed,Medium (81-140),110,overload,156.51666666666668,1,20250926,18,BLK_18S,4,후면SAW,4,2025-09-26 14:48:37,2025-09-26 16:43:18,114.7,,공통,raw,
b110_overload_r1,Proposed,Medium (81-140),110,overload,156.51666666666668,1,20250926,18,BLK_18S,4,NC,5,2025-09-26 16:43:18,2025-09-26 17:31:42,48.4,,공통,raw,
b110_overload_r1,Proposed,Medium (81-140),110,overload,156.51666666666668,1,20250926,18,BLK_18S,4,베이36B 론지취부,6,2025-09-26 17:31:42,2025-09-26 18:44:18,72.6,36B,베이36B,raw,
b110_overload_r1,Proposed,Medium (81-140),110,overload,156.51666666666668,1,20250926,18,BLK_18S,4,베이36B 론지용접,7,2025-09-26 18:44:18,2025-09-26 19:09:09,24.9,36B,베이36B,raw,
b110_overload_r1,Proposed,Medium (81-140),110,overload,156.51666666666668,1,20250926,18,BLK_18S,4,베이36B 수정,8,2025-09-26 19:09:09,2025-09-26 19:53:22,44.2,36B,베이36B,raw,
b110_overload_r1,Proposed,Medium (81-140),110,overload,156.51666666666668,1,20250926,47,BLK_47C,5,판계,1,2025-09-26 10:15:18,2025-09-26 10:37:18,22.0,,공통,raw,
b110_overload_r1,Proposed,Medium (81-140),110,overload,156.51666666666668,1,20250926,47,BLK_47C,5,전면SAW,2,2025-09-26 14:35:25,2025-09-26 15:15:03,39.6,,공통,raw,
b110_overload_r1,Proposed,Medium (81-140),110,overload,156.51666666666668,1,20250926,47,BLK_47C,5,TurnOver,3,2025-09-26 15:15:03,2025-09-26 15:28:15,13.2,,공통,raw,
b110_overload_r1,Proposed,Medium (81-140),110,overload,156.51666666666668,1,20250926,47,BLK_47C,5,후면SAW,4,2025-09-26 16:43:18,2025-09-26 17:12:12,28.9,,공통,raw,
b110_overload_r1,Proposed,Medium (81-140),110,overload,156.51666666666668,1,20250926,47,BLK_47C,5,NC,5,2025-09-26 17:31:42,2025-09-26 18:04:34,32.9,,공통,raw,
b110_overload_r1,Proposed,Medium (81-140),110,overload,156.51666666666668,1,20250926,47,BLK_47C,5,베이35A 론지취부,6,2025-09-26 18:04:34,2025-09-26 19:21:01,76.5,35A,베이35A,raw,
b110_overload_r1,Proposed,Medium (81-140),110,overload,156.51666666666668,1,20250926,47,BLK_47C,5,베이35A 론지용접,7,2025-09-26 19:21:01,2025-09-26 19:46:33,25.5,35A,베이35A,raw,
b110_overload_r1,Proposed,Medium (81-140),110,overload,156.51666666666668,1,20250926,47,BLK_47C,5,베이35A 수정,8,2025-09-26 19:46:33,2025-09-26 20:33:11,46.6,35A,베이35A,raw,
b110_overload_r1,Proposed,Medium (81-140),110,overload,156.51666666666668,1,20250926,76,BLK_76C,6,판계,1,2025-09-26 10:37:18,2025-09-26 11:10:18,33.0,,공통,raw,
b110_overload_r1,Proposed,Medium (81-140),110,overload,156.51666666666668,1,20250926,76,BLK_76C,6,전면SAW,2,2025-09-26 15:15:03,2025-09-26 16:46:03,91.0,,공통,raw,
b110_overload_r1,Proposed,Medium (81-140),110,overload,156.51666666666668,1,20250926,76,BLK_76C,6,TurnOver,3,2025-09-26 16:46:03,2025-09-26 16:59:15,13.2,,공통,raw,
b110_overload_r1,Proposed,Medium (81-140),110,overload,156.51666666666668,1,20250926,76,BLK_76C,6,후면SAW,4,2025-09-26 17:12:12,2025-09-26 18:38:30,86.3,,공통,raw,
b110_overload_r1,Proposed,Medium (81-140),110,overload,156.51666666666668,1,20250926,76,BLK_76C,6,NC,5,2025-09-26 18:38:30,2025-09-26 19:36:41,58.2,,공통,raw,
b110_overload_r1,Proposed,Medium (81-140),110,overload,156.51666666666668,1,20250926,76,BLK_76C,6,베이36B 론지취부,6,2025-09-26 19:36:41,2025-09-26 20:56:59,80.3,36B,베이36B,raw,
b110_overload_r1,Proposed,Medium (81-140),110,overload,156.51666666666668,1,20250926,76,BLK_76C,6,베이36B 론지용접,7,2025-09-26 20:56:59,2025-09-26 21:23:10,26.2,36B,베이36B,raw,
b110_overload_r1,Proposed,Medium (81-140),110,overload,156.51666666666668,1,20250926,76,BLK_76C,6,베이36B 수정,8,2025-09-26 21:23:10,2025-09-26 22:12:14,49.1,36B,베이36B,raw,
b110_overload_r1,Proposed,Medium (81-140),110,overload,156.51666666666668,1,20250926,70,BLK_70S,7,판계,1,2025-09-26 11:10:18,2025-09-26 11:37:48,27.5,,공통,raw,
b110_overload_r1,Proposed,Medium (81-140),110,overload,156.51666666666668,1,20250926,70,BLK_70S,7,전면SAW,2,2025-09-26 16:46:03,2025-09-26 17:19:01,33.0,,공통,raw,
b110_overload_r1,Proposed,Medium (81-140),110,overload,156.51666666666668,1,20250926,70,BLK_70S,7,TurnOver,3,2025-09-26 17:19:01,2025-09-26 17:32:13,13.2,,공통,raw,
b110_overload_r1,Proposed,Medium (81-140),110,overload,156.51666666666668,1,20250926,70,BLK_70S,7,후면SAW,4,2025-09-26 18:38:30,2025-09-26 18:58:40,20.2,,공통,raw,
b110_overload_r1,Proposed,Medium (81-140),110,overload,156.51666666666668,1,20250926,70,BLK_70S,7,NC,5,2025-09-26 19:36:41,2025-09-26 20:15:07,38.4,,공통,raw,
b110_overload_r1,Proposed,Medium (81-140),110,overload,156.51666666666668,1,20250926,70,BLK_70S,7,베이35A 론지취부,6,2025-09-26 20:15:07,2025-09-26 21:39:16,84.2,35A,베이35A,raw,
b110_overload_r1,Proposed,Medium (81-140),110,overload,156.51666666666668,1,20250926,70,BLK_70S,7,베이35A 론지용접,7,2025-09-26 21:39:16,2025-09-26 22:06:06,26.8,35A,베이35A,raw,
b110_overload_r1,Proposed,Medium (81-140),110,overload,156.51666666666668,1,20250926,70,BLK_70S,7,베이35A 수정,8,2025-09-26 22:06:06,2025-09-26 22:57:35,51.5,35A,베이35A,raw,
b110_overload_r1,Proposed,Medium (81-140),110,overload,156.51666666666668,1,20250926,80,BLK_80S,8,판계,1,2025-09-26 11:37:48,2025-09-26 11:59:48,22.0,,공통,raw,
b110_overload_r1,Proposed,Medium (81-140),110,overload,156.51666666666668,1,20250926,80,BLK_80S,8,전면SAW,2,2025-09-26 17:19:01,2025-09-26 19:25:15,126.2,,공통,raw,
b110_overload_r1,Proposed,Medium (81-140),110,overload,156.51666666666668,1,20250926,80,BLK_80S,8,TurnOver,3,2025-09-26 19:25:15,2025-09-26 19:38:27,13.2,,공통,raw,
b110_overload_r1,Proposed,Medium (81-140),110,overload,156.51666666666668,1,20250926,80,BLK_80S,8,후면SAW,4,2025-09-26 19:38:27,2025-09-26 21:45:50,127.4,,공통,raw,
b110_overload_r1,Proposed,Medium (81-140),110,overload,156.51666666666668,1,20250926,80,BLK_80S,8,NC,5,2025-09-26 21:45:50,2025-09-26 22:13:41,27.8,,공통,raw,
b110_overload_r1,Proposed,Medium (81-140),110,overload,156.51666666666668,1,20250926,80,BLK_80S,8,베이36B 론지취부,6,2025-09-26 22:13:41,2025-09-26 22:51:38,38.0,36B,베이36B,raw,
b110_overload_r1,Proposed,Medium (81-140),110,overload,156.51666666666668,1,20250926,80,BLK_80S,8,베이36B 론지용접,7,2025-09-26 22:51:38,2025-09-26 23:06:09,14.5,36B,베이36B,raw,
b110_overload_r1,Proposed,Medium (81-140),110,overload,156.51666666666668,1,20250926,80,BLK_80S,8,베이36B 수정,8,2025-09-26 23:06:09,2025-09-26 23:28:35,22.4,36B,베이36B,raw,
b110_overload_r1,Proposed,Medium (81-140),110,overload,156.51666666666668,1,20250926,34,BLK_34P,9,판계,1,2025-09-26 11:59:48,2025-09-26 12:49:18,49.5,,공통,raw,
b110_overload_r1,Proposed,Medium (81-140),110,overload,156.51666666666668,1,20250926,34,BLK_34P,9,전면SAW,2,2025-09-26 19:25:15,2025-09-26 20:11:53,46.6,,공통,raw,
b110_overload_r1,Proposed,Medium (81-140),110,overload,156.51666666666668,1,20250926,34,BLK_34P,9,TurnOver,3,2025-09-26 20:11:53,2025-09-26 20:25:05,13.2,,공통,raw,
b110_overload_r1,Proposed,Medium (81-140),110,overload,156.51666666666668,1,20250926,34,BLK_34P,9,후면SAW,4,2025-09-26 21:45:50,2025-09-26 22:23:59,38.1,,공통,raw,
b110_overload_r1,Proposed,Medium (81-140),110,overload,156.51666666666668,1,20250926,34,BLK_34P,9,NC,5,2025-09-26 22:23:59,2025-09-26 23:21:26,57.5,,공통,raw,
b110_overload_r1,Proposed,Medium (81-140),110,overload,156.51666666666668,1,20250926,34,BLK_34P,9,베이35A 론지취부,6,2025-09-26 23:21:26,2025-09-27 00:49:26,88.0,35A,베이35A,raw,
b110_overload_r1,Proposed,Medium (81-140),110,overload,156.51666666666668,1,20250926,34,BLK_34P,9,베이35A 론지용접,7,2025-09-27 00:49:26,2025-09-27 01:16:56,27.5,35A,베이35A,raw,
b110_overload_r1,Proposed,Medium (81-140),110,overload,156.51666666666668,1,20250926,34,BLK_34P,9,베이35A 수정,8,2025-09-27 01:16:56,2025-09-27 02:10:50,53.9,35A,베이35A,raw,
b110_overload_r1,Proposed,Medium (81-140),110,overload,156.51666666666668,1,20250926,52,BLK_52C,10,판계,1,2025-09-26 12:49:18,2025-09-26 13:22:18,33.0,,공통,raw,
b110_overload_r1,Proposed,Medium (81-140),110,overload,156.51666666666668,1,20250926,52,BLK_52C,10,전면SAW,2,2025-09-26 20:11:53,2025-09-26 20:45:13,33.3,,공통,raw,
b110_overload_r1,Proposed,Medium (81-140),110,overload,156.51666666666668,1,20250926,52,BLK_52C,10,TurnOver,3,2025-09-26 20:45:13,2025-09-26 20:58:25,13.2,,공통,raw,
b110_overload_r1,Proposed,Medium (81-140),110,overload,156.51666666666668,1,20250926,52,BLK_52C,10,후면SAW,4,2025-09-26 22:23:59,2025-09-26 22:44:36,20.6,,공통,raw,
b110_overload_r1,Proposed,Medium (81-140),110,overload,156.51666666666668,1,20250926,52,BLK_52C,10,NC,5,2025-09-26 23:21:26,2025-09-27 00:06:34,45.1,,공통,raw,
b110_overload_r1,Proposed,Medium (81-140),110,overload,156.51666666666668,1,20250926,52,BLK_52C,10,베이36B 론지취부,6,2025-09-27 00:06:34,2025-09-27 01:19:10,72.6,36B,베이36B,raw,
b110_overload_r1,Proposed,Medium (81-140),110,overload,156.51666666666668,1,20250926,52,BLK_52C,10,베이36B 론지용접,7,2025-09-27 01:19:10,2025-09-27 01:44:02,24.9,36B,베이36B,raw,
b110_overload_r1,Proposed,Medium (81-140),110,overload,156.51666666666668,1,20250926,52,BLK_52C,10,베이36B 수정,8,2025-09-27 01:44:02,2025-09-27 02:28:15,44.2,36B,베이36B,raw,
b110_overload_r1,Proposed,Medium (81-140),110,overload,156.51666666666668,1,20250926,96,BLK_96S,11,판계,1,2025-09-26 13:22:18,2025-09-26 13:44:18,22.0,,공통,raw,
b110_overload_r1,Proposed,Medium (81-140),110,overload,156.51666666666668,1,20250926,96,BLK_96S,11,전면SAW,2,2025-09-26 20:45:13,2025-09-26 21:28:13,43.0,,공통,raw,
b110_overload_r1,Proposed,Medium (81-140),110,overload,156.51666666666668,1,20250926,96,BLK_96S,11,TurnOver,3,2025-09-26 21:28:13,2025-09-26 21:41:25,13.2,,공통,raw,
b110_overload_r1,Proposed,Medium (81-140),110,overload,156.51666666666668,1,20250926,96,BLK_96S,11,후면SAW,4,2025-09-26 22:44:36,2025-09-26 23:17:57,33.3,,공통,raw,
b110_overload_r1,Proposed,Medium (81-140),110,overload,156.51666666666668,1,20250926,96,BLK_96S,11,NC,5,2025-09-27 00:06:34,2025-09-27 00:42:39,36.1,,공통,raw,
b110_overload_r1,Proposed,Medium (81-140),110,overload,156.51666666666668,1,20250926,96,BLK_96S,11,베이35A 론지취부,6,2025-09-27 00:49:26,2025-09-27 01:54:20,64.9,35A,베이35A,raw,
b110_overload_r1,Proposed,Medium (81-140),110,overload,156.51666666666668,1,20250926,96,BLK_96S,11,베이35A 론지용접,7,2025-09-27 01:54:20,2025-09-27 02:17:52,23.5,35A,베이35A,raw,
b110_overload_r1,Proposed,Medium (81-140),110,overload,156.51666666666668,1,20250926,96,BLK_96S,11,베이35A 수정,8,2025-09-27 02:17:52,2025-09-27 02:57:15,39.4,35A,베이35A,raw,
b110_overload_r1,Proposed,Medium (81-140),110,overload,156.51666666666668,1,20250926,82,BLK_82P,12,판계,1,2025-09-26 13:44:18,2025-09-26 14:11:48,27.5,,공통,raw,
b110_overload_r1,Proposed,Medium (81-140),110,overload,156.51666666666668,1,20250926,82,BLK_82P,12,전면SAW,2,2025-09-26 21:28:13,2025-09-26 22:03:35,35.4,,공통,raw,
b110_overload_r1,Proposed,Medium (81-140),110,overload,156.51666666666668,1,20250926,82,BLK_82P,12,TurnOver,3,2025-09-26 22:03:35,2025-09-26 22:16:47,13.2,,공통,raw,
b110_overload_r1,Proposed,Medium (81-140),110,overload,156.51666666666668,1,20250926,82,BLK_82P,12,후면SAW,4,2025-09-26 23:17:57,2025-09-26 23:41:14,23.3,,공통,raw,
b110_overload_r1,Proposed,Medium (81-140),110,overload,156.51666666666668,1,20250926,82,BLK_82P,12,NC,5,2025-09-27 00:42:39,2025-09-27 01:23:39,41.0,,공통,raw,
b110_overload_r1,Proposed,Medium (81-140),110,overload,156.51666666666668,1,20250926,82,BLK_82P,12,베이36B 론지취부,6,2025-09-27 01:23:39,2025-09-27 02:32:24,68.8,36B,베이36B,raw,
b110_overload_r1,Proposed,Medium (81-140),110,overload,156.51666666666668,1,20250926,82,BLK_82P,12,베이36B 론지용접,7,2025-09-27 02:32:24,2025-09-27 02:56:36,24.2,36B,베이36B,raw,
b110_overload_r1,Proposed,Medium (81-140),110,overload,156.51666666666668,1,20250926,82,BLK_82P,12,베이36B 수정,8,2025-09-27 02:56:36,2025-09-27 03:38:24,41.8,36B,베이36B,raw,
b110_overload_r1,Proposed,Medium (81-140),110,overload,156.51666666666668,1,20250926,8,BLK_8S,13,판계,1,2025-09-26 14:11:48,2025-09-26 14:44:48,33.0,,공통,raw,
b110_overload_r1,Proposed,Medium (81-140),110,overload,156.51666666666668,1,20250926,8,BLK_8S,13,전면SAW,2,2025-09-26 22:03:35,2025-09-26 22:50:16,46.7,,공통,raw,
b110_overload_r1,Proposed,Medium (81-140),110,overload,156.51666666666668,1,20250926,8,BLK_8S,13,TurnOver,3,2025-09-26 22:50:16,2025-09-26 23:03:28,13.2,,공통,raw,
b110_overload_r1,Proposed,Medium (81-140),110,overload,156.51666666666668,1,20250926,8,BLK_8S,13,후면SAW,4,2025-09-26 23:41:14,2025-09-27 00:19:26,38.2,,공통,raw,
b110_overload_r1,Proposed,Medium (81-140),110,overload,156.51666666666668,1,20250926,8,BLK_8S,13,NC,5,2025-09-27 01:23:39,2025-09-27 02:08:28,44.8,,공통,raw,
b110_overload_r1,Proposed,Medium (81-140),110,overload,156.51666666666668,1,20250926,8,BLK_8S,13,베이35A 론지취부,6,2025-09-27 02:08:28,2025-09-27 03:21:04,72.6,35A,베이35A,raw,
b110_overload_r1,Proposed,Medium (81-140),110,overload,156.51666666666668,1,20250926,8,BLK_8S,13,베이35A 론지용접,7,2025-09-27 03:21:04,2025-09-27 03:45:56,24.9,35A,베이35A,raw,
b110_overload_r1,Proposed,Medium (81-140),110,overload,156.51666666666668,1,20250926,8,BLK_8S,13,베이35A 수정,8,2025-09-27 03:45:56,2025-09-27 04:30:09,44.2,35A,베이35A,raw,
b110_overload_r1,Proposed,Medium (81-140),110,overload,156.51666666666668,1,20250926,75,BLK_75C,14,판계,1,2025-09-26 14:44:48,2025-09-26 15:17:48,33.0,,공통,raw,
b110_overload_r1,Proposed,Medium (81-140),110,overload,156.51666666666668,1,20250926,75,BLK_75C,14,전면SAW,2,2025-09-26 22:50:16,2025-09-26 23:23:42,33.4,,공통,raw,
b110_overload_r1,Proposed,Medium (81-140),110,overload,156.51666666666668,1,20250926,75,BLK_75C,14,TurnOver,3,2025-09-26 23:23:42,2025-09-26 23:36:54,13.2,,공통,raw,
b110_overload_r1,Proposed,Medium (81-140),110,overload,156.51666666666668,1,20250926,75,BLK_75C,14,후면SAW,4,2025-09-27 00:19:26,2025-09-27 00:40:12,20.8,,공통,raw,
b110_overload_r1,Proposed,Medium (81-140),110,overload,156.51666666666668,1,20250926,75,BLK_75C,14,NC,5,2025-09-27 02:08:28,2025-09-27 02:51:41,43.2,,공통,raw,
b110_overload_r1,Proposed,Medium (81-140),110,overload,156.51666666666668,1,20250926,75,BLK_75C,14,베이36B 론지취부,6,2025-09-27 02:51:41,2025-09-27 03:48:53,57.2,36B,베이36B,raw,
b110_overload_r1,Proposed,Medium (81-140),110,overload,156.51666666666668,1,20250926,75,BLK_75C,14,베이36B 론지용접,7,2025-09-27 03:48:53,2025-09-27 04:11:06,22.2,36B,베이36B,raw,
b110_overload_r1,Proposed,Medium (81-140),110,overload,156.51666666666668,1,20250926,75,BLK_75C,14,베이36B 수정,8,2025-09-27 04:11:06,2025-09-27 04:45:39,34.5,36B,베이36B,raw,
b110_overload_r1,Proposed,Medium (81-140),110,overload,156.51666666666668,1,20250926,22,BLK_22C,15,판계,1,2025-09-26 15:17:48,2025-09-26 16:01:48,44.0,,공통,raw,
b110_overload_r1,Proposed,Medium (81-140),110,overload,156.51666666666668,1,20250926,22,BLK_22C,15,전면SAW,2,2025-09-26 23:23:42,2025-09-27 01:39:43,136.0,,공통,raw,
b110_overload_r1,Proposed,Medium (81-140),110,overload,156.51666666666668,1,20250926,22,BLK_22C,15,TurnOver,3,2025-09-27 01:39:43,2025-09-27 01:52:55,13.2,,공통,raw,
b110_overload_r1,Proposed,Medium (81-140),110,overload,156.51666666666668,1,20250926,22,BLK_22C,15,후면SAW,4,2025-09-27 01:52:55,2025-09-27 03:30:51,97.9,,공통,raw,
b110_overload_r1,Proposed,Medium (81-140),110,overload,156.51666666666668,1,20250926,22,BLK_22C,15,NC,5,2025-09-27 03:30:51,2025-09-27 04:20:49,50.0,,공통,raw,
b110_overload_r1,Proposed,Medium (81-140),110,overload,156.51666666666668,1,20250926,22,BLK_22C,15,베이35A 론지취부,6,2025-09-27 04:20:49,2025-09-27 05:33:25,72.6,35A,베이35A,raw,
b110_overload_r1,Proposed,Medium (81-140),110,overload,156.51666666666668,1,20250926,22,BLK_22C,15,베이35A 론지용접,7,2025-09-27 05:33:25,2025-09-27 05:58:17,24.9,35A,베이35A,raw,
b110_overload_r1,Proposed,Medium (81-140),110,overload,156.51666666666668,1,20250926,22,BLK_22C,15,베이35A 수정,8,2025-09-27 05:58:17,2025-09-27 06:42:30,44.2,35A,베이35A,raw,
b110_overload_r1,Proposed,Medium (81-140),110,overload,156.51666666666668,1,20250926,66,BLK_66C,16,판계,1,2025-09-26 16:01:48,2025-09-26 16:23:48,22.0,,공통,raw,
b110_overload_r1,Proposed,Medium (81-140),110,overload,156.51666666666668,1,20250926,66,BLK_66C,16,전면SAW,2,2025-09-27 01:39:43,2025-09-27 02:46:03,66.3,,공통,raw,
b110_overload_r1,Proposed,Medium (81-140),110,overload,156.51666666666668,1,20250926,66,BLK_66C,16,TurnOver,3,2025-09-27 02:46:03,2025-09-27 02:59:15,13.2,,공통,raw,
b110_overload_r1,Proposed,Medium (81-140),110,overload,156.51666666666668,1,20250926,66,BLK_66C,16,후면SAW,4,2025-09-27 03:30:51,2025-09-27 04:34:54,64.1,,공통,raw,
b110_overload_r1,Proposed,Medium (81-140),110,overload,156.51666666666668,1,20250926,66,BLK_66C,16,NC,5,2025-09-27 04:34:54,2025-09-27 05:08:22,33.5,,공통,raw,
b110_overload_r1,Proposed,Medium (81-140),110,overload,156.51666666666668,1,20250926,66,BLK_66C,16,베이36B 론지취부,6,2025-09-27 05:08:22,2025-09-27 06:20:58,72.6,36B,베이36B,raw,
b110_overload_r1,Proposed,Medium (81-140),110,overload,156.51666666666668,1,20250926,66,BLK_66C,16,베이36B 론지용접,7,2025-09-27 06:20:58,2025-09-27 06:45:50,24.9,36B,베이36B,raw,
b110_overload_r1,Proposed,Medium (81-140),110,overload,156.51666666666668,1,20250926,66,BLK_66C,16,베이36B 수정,8,2025-09-27 06:45:50,2025-09-27 07:30:03,44.2,36B,베이36B,raw,
b110_overload_r1,Proposed,Medium (81-140),110,overload,156.51666666666668,1,20250926,24,BLK_24C,17,판계,1,2025-09-26 16:23:48,2025-09-26 17:07:48,44.0,,공통,raw,
b110_overload_r1,Proposed,Medium (81-140),110,overload,156.51666666666668,1,20250926,24,BLK_24C,17,전면SAW,2,2025-09-27 02:46:03,2025-09-27 05:19:07,153.1,,공통,raw,
b110_overload_r1,Proposed,Medium (81-140),110,overload,156.51666666666668,1,20250926,24,BLK_24C,17,TurnOver,3,2025-09-27 05:19:07,2025-09-27 05:32:19,13.2,,공통,raw,
b110_overload_r1,Proposed,Medium (81-140),110,overload,156.51666666666668,1,20250926,24,BLK_24C,17,후면SAW,4,2025-09-27 05:32:19,2025-09-27 07:23:53,111.6,,공통,raw,
b110_overload_r1,Proposed,Medium (81-140),110,overload,156.51666666666668,1,20250926,24,BLK_24C,17,NC,5,2025-09-27 07:23:53,2025-09-27 08:10:16,46.4,,공통,raw,
b110_overload_r1,Proposed,Medium (81-140),110,overload,156.51666666666668,1,20250926,24,BLK_24C,17,베이35A 론지취부,6,2025-09-27 08:10:16,2025-09-27 08:48:13,38.0,35A,베이35A,raw,
b110_overload_r1,Proposed,Medium (81-140),110,overload,156.51666666666668,1,20250926,24,BLK_24C,17,베이35A 론지용접,7,2025-09-27 08:48:13,2025-09-27 09:02:44,14.5,35A,베이35A,raw,
b110_overload_r1,Proposed,Medium (81-140),110,overload,156.51666666666668,1,20250926,24,BLK_24C,17,베이35A 수정,8,2025-09-27 09:02:44,2025-09-27 09:25:10,22.4,35A,베이35A,raw,
b110_overload_r1,Proposed,Medium (81-140),110,overload,156.51666666666668,1,20250926,38,BLK_38C,18,판계,1,2025-09-26 17:07:48,2025-09-26 17:35:18,27.5,,공통,raw,
b110_overload_r1,Proposed,Medium (81-140),110,overload,156.51666666666668,1,20250926,38,BLK_38C,18,전면SAW,2,2025-09-27 05:19:07,2025-09-27 05:50:56,31.8,,공통,raw,
b110_overload_r1,Proposed,Medium (81-140),110,overload,156.51666666666668,1,20250926,38,BLK_38C,18,TurnOver,3,2025-09-27 05:50:56,2025-09-27 06:04:08,13.2,,공통,raw,
b110_overload_r1,Proposed,Medium (81-140),110,overload,156.51666666666668,1,20250926,38,BLK_38C,18,후면SAW,4,2025-09-27 07:23:53,2025-09-27 07:42:32,18.6,,공통,raw,
b110_overload_r1,Proposed,Medium (81-140),110,overload,156.51666666666668,1,20250926,38,BLK_38C,18,NC,5,2025-09-27 08:10:16,2025-09-27 08:44:42,34.4,,공통,raw,
b110_overload_r1,Proposed,Medium (81-140),110,overload,156.51666666666668,1,20250926,38,BLK_38C,18,베이36B 론지취부,6,2025-09-27 08:44:42,2025-09-27 09:34:12,49.5,36B,베이36B,raw,
b110_overload_r1,Proposed,Medium (81-140),110,overload,156.51666666666668,1,20250926,38,BLK_38C,18,베이36B 론지용접,7,2025-09-27 09:34:12,2025-09-27 09:50:42,16.5,36B,베이36B,raw,
b110_overload_r1,Proposed,Medium (81-140),110,overload,156.51666666666668,1,20250926,38,BLK_38C,18,베이36B 수정,8,2025-09-27 09:50:42,2025-09-27 10:20:24,29.7,36B,베이36B,raw,
b110_overload_r1,Proposed,Medium (81-140),110,overload,156.51666666666668,1,20250926,57,BLK_57P,19,판계,1,2025-09-26 17:35:18,2025-09-26 17:57:18,22.0,,공통,raw,
b110_overload_r1,Proposed,Medium (81-140),110,overload,156.51666666666668,1,20250926,57,BLK_57P,19,전면SAW,2,2025-09-27 05:50:56,2025-09-27 06:29:56,39.0,,공통,raw,
b110_overload_r1,Proposed,Medium (81-140),110,overload,156.51666666666668,1,20250926,57,BLK_57P,19,TurnOver,3,2025-09-27 06:29:56,2025-09-27 06:43:08,13.2,,공통,raw,
b110_overload_r1,Proposed,Medium (81-140),110,overload,156.51666666666668,1,20250926,57,BLK_57P,19,후면SAW,4,2025-09-27 07:42:32,2025-09-27 08:10:36,28.1,,공통,raw,
b110_overload_r1,Proposed,Medium (81-140),110,overload,156.51666666666668,1,20250926,57,BLK_57P,19,NC,5,2025-09-27 08:44:42,2025-09-27 09:15:36,30.9,,공통,raw,
b110_overload_r1,Proposed,Medium (81-140),110,overload,156.51666666666668,1,20250926,57,BLK_57P,19,베이35A 론지취부,6,2025-09-27 09:15:36,2025-09-27 09:42:00,26.4,35A,베이35A,raw,
b110_overload_r1,Proposed,Medium (81-140),110,overload,156.51666666666668,1,20250926,57,BLK_57P,19,베이35A 론지용접,7,2025-09-27 09:42:00,2025-09-27 09:58:57,16.9,35A,베이35A,raw,
b110_overload_r1,Proposed,Medium (81-140),110,overload,156.51666666666668,1,20250926,57,BLK_57P,19,베이35A 수정,8,2025-09-27 09:58:57,2025-09-27 10:14:07,15.2,35A,베이35A,raw,
b110_overload_r1,Proposed,Medium (81-140),110,overload,156.51666666666668,1,20250926,67,BLK_67P,20,판계,1,2025-09-26 17:57:18,2025-09-26 18:24:48,27.5,,공통,raw,
b110_overload_r1,Proposed,Medium (81-140),110,overload,156.51666666666668,1,20250926,67,BLK_67P,20,전면SAW,2,2025-09-27 06:29:56,2025-09-27 06:58:51,28.9,,공통,raw,
b110_overload_r1,Proposed,Medium (81-140),110,overload,156.51666666666668,1,20250926,67,BLK_67P,20,TurnOver,3,2025-09-27 06:58:51,2025-09-27 07:12:03,13.2,,공통,raw,
b110_overload_r1,Proposed,Medium (81-140),110,overload,156.51666666666668,1,20250926,67,BLK_67P,20,후면SAW,4,2025-09-27 08:10:36,2025-09-27 08:25:25,14.8,,공통,raw,
b110_overload_r1,Proposed,Medium (81-140),110,overload,156.51666666666668,1,20250926,67,BLK_67P,20,NC,5,2025-09-27 09:15:36,2025-09-27 09:49:59,34.4,,공통,raw,
b110_overload_r1,Proposed,Medium (81-140),110,overload,156.51666666666668,1,20250926,67,BLK_67P,20,베이36B 론지취부,6,2025-09-27 09:49:59,2025-09-27 10:16:23,26.4,36B,베이36B,raw,
b110_overload_r1,Proposed,Medium (81-140),110,overload,156.51666666666668,1,20250926,67,BLK_67P,20,베이36B 론지용접,7,2025-09-27 10:16:23,2025-09-27 10:33:19,16.9,36B,베이36B,raw,
b110_overload_r1,Proposed,Medium (81-140),110,overload,156.51666666666668,1,20250926,67,BLK_67P,20,베이36B 수정,8,2025-09-27 10:33:19,2025-09-27 10:48:30,15.2,36B,베이36B,raw,
b110_overload_r1,Proposed,Medium (81-140),110,overload,156.51666666666668,1,20250927,60,BLK_60C,1,판계,1,2025-09-27 08:00:00,2025-09-27 08:49:30,49.5,,공통,raw,
b110_overload_r1,Proposed,Medium (81-140),110,overload,156.51666666666668,1,20250927,60,BLK_60C,1,전면SAW,2,2025-09-27 08:49:30,2025-09-27 10:48:58,119.5,,공통,raw,
b110_overload_r1,Proposed,Medium (81-140),110,overload,156.51666666666668,1,20250927,60,BLK_60C,1,TurnOver,3,2025-09-27 10:48:58,2025-09-27 11:02:10,13.2,,공통,raw,
b110_overload_r1,Proposed,Medium (81-140),110,overload,156.51666666666668,1,20250927,60,BLK_60C,1,후면SAW,4,2025-09-27 11:02:10,2025-09-27 13:01:40,119.5,,공통,raw,
b110_overload_r1,Proposed,Medium (81-140),110,overload,156.51666666666668,1,20250927,60,BLK_60C,1,NC,5,2025-09-27 13:01:40,2025-09-27 14:07:29,65.8,,공통,raw,
b110_overload_r1,Proposed,Medium (81-140),110,overload,156.51666666666668,1,20250927,60,BLK_60C,1,베이35A 론지취부,6,2025-09-27 14:07:29,2025-09-27 15:35:29,88.0,35A,베이35A,raw,
b110_overload_r1,Proposed,Medium (81-140),110,overload,156.51666666666668,1,20250927,60,BLK_60C,1,베이35A 론지용접,7,2025-09-27 15:35:29,2025-09-27 16:02:59,27.5,35A,베이35A,raw,
b110_overload_r1,Proposed,Medium (81-140),110,overload,156.51666666666668,1,20250927,60,BLK_60C,1,베이35A 수정,8,2025-09-27 16:02:59,2025-09-27 16:56:53,53.9,35A,베이35A,raw,
b110_overload_r1,Proposed,Medium (81-140),110,overload,156.51666666666668,1,20250927,85,BLK_85P,2,판계,1,2025-09-27 08:49:30,2025-09-27 09:22:30,33.0,,공통,raw,
b110_overload_r1,Proposed,Medium (81-140),110,overload,156.51666666666668,1,20250927,85,BLK_85P,2,전면SAW,2,2025-09-27 10:48:58,2025-09-27 11:24:49,35.9,,공통,raw,
b110_overload_r1,Proposed,Medium (81-140),110,overload,156.51666666666668,1,20250927,85,BLK_85P,2,TurnOver,3,2025-09-27 11:24:49,2025-09-27 11:38:01,13.2,,공통,raw,
b110_overload_r1,Proposed,Medium (81-140),110,overload,156.51666666666668,1,20250927,85,BLK_85P,2,후면SAW,4,2025-09-27 13:01:40,2025-09-27 13:25:37,23.9,,공통,raw,
b110_overload_r1,Proposed,Medium (81-140),110,overload,156.51666666666668,1,20250927,85,BLK_85P,2,NC,5,2025-09-27 14:07:29,2025-09-27 14:53:13,45.7,,공통,raw,
b110_overload_r1,Proposed,Medium (81-140),110,overload,156.51666666666668,1,20250927,85,BLK_85P,2,베이36B 론지취부,6,2025-09-27 14:53:13,2025-09-27 15:35:01,41.8,36B,베이36B,raw,
b110_overload_r1,Proposed,Medium (81-140),110,overload,156.51666666666668,1,20250927,85,BLK_85P,2,베이36B 론지용접,7,2025-09-27 15:35:01,2025-09-27 15:54:36,19.6,36B,베이36B,raw,
b110_overload_r1,Proposed,Medium (81-140),110,overload,156.51666666666668,1,20250927,85,BLK_85P,2,베이36B 수정,8,2025-09-27 15:54:36,2025-09-27 16:19:27,24.9,36B,베이36B,raw,
b110_overload_r1,Proposed,Medium (81-140),110,overload,156.51666666666668,1,20250927,42,BLK_42C,3,판계,1,2025-09-27 09:22:30,2025-09-27 09:55:30,33.0,,공통,raw,
b110_overload_r1,Proposed,Medium (81-140),110,overload,156.51666666666668,1,20250927,42,BLK_42C,3,전면SAW,2,2025-09-27 11:24:49,2025-09-27 12:12:46,47.9,,공통,raw,
b110_overload_r1,Proposed,Medium (81-140),110,overload,156.51666666666668,1,20250927,42,BLK_42C,3,TurnOver,3,2025-09-27 12:12:46,2025-09-27 12:25:58,13.2,,공통,raw,
b110_overload_r1,Proposed,Medium (81-140),110,overload,156.51666666666668,1,20250927,42,BLK_42C,3,후면SAW,4,2025-09-27 13:25:37,2025-09-27 14:05:28,39.9,,공통,raw,
b110_overload_r1,Proposed,Medium (81-140),110,overload,156.51666666666668,1,20250927,42,BLK_42C,3,NC,5,2025-09-27 14:53:13,2025-09-27 15:41:19,48.1,,공통,raw,
b110_overload_r1,Proposed,Medium (81-140),110,overload,156.51666666666668,1,20250927,42,BLK_42C,3,베이35A 론지취부,6,2025-09-27 15:41:19,2025-09-27 17:24:43,103.4,35A,베이35A,raw,
b110_overload_r1,Proposed,Medium (81-140),110,overload,156.51666666666668,1,20250927,42,BLK_42C,3,베이35A 론지용접,7,2025-09-27 17:24:43,2025-09-27 17:54:52,30.1,35A,베이35A,raw,
b110_overload_r1,Proposed,Medium (81-140),110,overload,156.51666666666668,1,20250927,42,BLK_42C,3,베이35A 수정,8,2025-09-27 17:54:52,2025-09-27 18:58:26,63.6,35A,베이35A,raw,
b110_overload_r1,Proposed,Medium (81-140),110,overload,156.51666666666668,1,20250927,7,BLK_7C,4,판계,1,2025-09-27 09:55:30,2025-09-27 10:31:48,36.3,,공통,raw,
b110_overload_r1,Proposed,Medium (81-140),110,overload,156.51666666666668,1,20250927,7,BLK_7C,4,전면SAW,2,2025-09-27 12:12:46,2025-09-27 15:12:44,180.0,,공통,raw,
b110_overload_r1,Proposed,Medium (81-140),110,overload,156.51666666666668,1,20250927,7,BLK_7C,4,TurnOver,3,2025-09-27 15:12:44,2025-09-27 15:25:56,13.2,,공통,raw,
b110_overload_r1,Proposed,Medium (81-140),110,overload,156.51666666666668,1,20250927,7,BLK_7C,4,후면SAW,4,2025-09-27 15:25:56,2025-09-27 18:27:26,181.5,,공통,raw,
b110_overload_r1,Proposed,Medium (81-140),110,overload,156.51666666666668,1,20250927,7,BLK_7C,4,NC,5,2025-09-27 18:27:26,2025-09-27 19:16:48,49.4,,공통,raw,
b110_overload_r1,Proposed,Medium (81-140),110,overload,156.51666666666668,1,20250927,7,BLK_7C,4,베이36B 론지취부,6,2025-09-27 19:16:48,2025-09-27 20:37:06,80.3,36B,베이36B,raw,
b110_overload_r1,Proposed,Medium (81-140),110,overload,156.51666666666668,1,20250927,7,BLK_7C,4,베이36B 론지용접,7,2025-09-27 20:37:06,2025-09-27 21:03:17,26.2,36B,베이36B,raw,
b110_overload_r1,Proposed,Medium (81-140),110,overload,156.51666666666668,1,20250927,7,BLK_7C,4,베이36B 수정,8,2025-09-27 21:03:17,2025-09-27 21:52:20,49.1,36B,베이36B,raw,
b110_overload_r1,Proposed,Medium (81-140),110,overload,156.51666666666668,1,20250927,44,BLK_44S,5,판계,1,2025-09-27 10:31:48,2025-09-27 11:01:30,29.7,,공통,raw,
b110_overload_r1,Proposed,Medium (81-140),110,overload,156.51666666666668,1,20250927,44,BLK_44S,5,전면SAW,2,2025-09-27 15:12:44,2025-09-27 17:45:04,152.3,,공통,raw,
b110_overload_r1,Proposed,Medium (81-140),110,overload,156.51666666666668,1,20250927,44,BLK_44S,5,TurnOver,3,2025-09-27 17:45:04,2025-09-27 17:58:16,13.2,,공통,raw,
b110_overload_r1,Proposed,Medium (81-140),110,overload,156.51666666666668,1,20250927,44,BLK_44S,5,후면SAW,4,2025-09-27 18:27:26,2025-09-27 20:18:26,111.0,,공통,raw,
b110_overload_r1,Proposed,Medium (81-140),110,overload,156.51666666666668,1,20250927,44,BLK_44S,5,NC,5,2025-09-27 20:18:26,2025-09-27 20:52:28,34.0,,공통,raw,
b110_overload_r1,Proposed,Medium (81-140),110,overload,156.51666666666668,1,20250927,44,BLK_44S,5,베이35A 론지취부,6,2025-09-27 20:52:28,2025-09-27 21:34:16,41.8,35A,베이35A,raw,
b110_overload_r1,Proposed,Medium (81-140),110,overload,156.51666666666668,1,20250927,44,BLK_44S,5,베이35A 론지용접,7,2025-09-27 21:34:16,2025-09-27 21:49:27,15.2,35A,베이35A,raw,
b110_overload_r1,Proposed,Medium (81-140),110,overload,156.51666666666668,1,20250927,44,BLK_44S,5,베이35A 수정,8,2025-09-27 21:49:27,2025-09-27 22:14:18,24.9,35A,베이35A,raw,
b110_overload_r1,Proposed,Medium (81-140),110,overload,156.51666666666668,1,20250927,26,BLK_26C,6,판계,1,2025-09-27 11:01:30,2025-09-27 11:34:30,33.0,,공통,raw,
b110_overload_r1,Proposed,Medium (81-140),110,overload,156.51666666666668,1,20250927,26,BLK_26C,6,전면SAW,2,2025-09-27 17:45:04,2025-09-27 19:37:28,112.4,,공통,raw,
b110_overload_r1,Proposed,Medium (81-140),110,overload,156.51666666666668,1,20250927,26,BLK_26C,6,TurnOver,3,2025-09-27 19:37:28,2025-09-27 19:50:40,13.2,,공통,raw,
b110_overload_r1,Proposed,Medium (81-140),110,overload,156.51666666666668,1,20250927,26,BLK_26C,6,후면SAW,4,2025-09-27 20:18:26,2025-09-27 21:47:27,89.0,,공통,raw,
b110_overload_r1,Proposed,Medium (81-140),110,overload,156.51666666666668,1,20250927,26,BLK_26C,6,NC,5,2025-09-27 21:47:27,2025-09-27 22:47:20,59.9,,공통,raw,
b110_overload_r1,Proposed,Medium (81-140),110,overload,156.51666666666668,1,20250927,26,BLK_26C,6,베이36B 론지취부,6,2025-09-27 22:47:20,2025-09-27 23:48:23,61.1,36B,베이36B,raw,
b110_overload_r1,Proposed,Medium (81-140),110,overload,156.51666666666668,1,20250927,26,BLK_26C,6,베이36B 론지용접,7,2025-09-27 23:48:23,2025-09-28 00:11:16,22.9,36B,베이36B,raw,
b110_overload_r1,Proposed,Medium (81-140),110,overload,156.51666666666668,1,20250927,26,BLK_26C,6,베이36B 수정,8,2025-09-28 00:11:16,2025-09-28 00:48:14,37.0,36B,베이36B,raw,
b110_overload_r1,Proposed,Medium (81-140),110,overload,156.51666666666668,1,20250927,11,BLK_11C,7,판계,1,2025-09-27 11:34:30,2025-09-27 11:56:30,22.0,,공통,raw,
b110_overload_r1,Proposed,Medium (81-140),110,overload,156.51666666666668,1,20250927,11,BLK_11C,7,전면SAW,2,2025-09-27 19:37:28,2025-09-27 20:44:47,67.3,,공통,raw,
b110_overload_r1,Proposed,Medium (81-140),110,overload,156.51666666666668,1,20250927,11,BLK_11C,7,TurnOver,3,2025-09-27 20:44:47,2025-09-27 20:57:59,13.2,,공통,raw,
b110_overload_r1,Proposed,Medium (81-140),110,overload,156.51666666666668,1,20250927,11,BLK_11C,7,후면SAW,4,2025-09-27 21:47:27,2025-09-27 22:52:48,65.4,,공통,raw,
b110_overload_r1,Proposed,Medium (81-140),110,overload,156.51666666666668,1,20250927,11,BLK_11C,7,NC,5,2025-09-27 22:52:48,2025-09-27 23:28:18,35.5,,공통,raw,
b110_overload_r1,Proposed,Medium (81-140),110,overload,156.51666666666668,1,20250927,11,BLK_11C,7,베이35A 론지취부,6,2025-09-27 23:28:18,2025-09-28 00:52:27,84.2,35A,베이35A,raw,
b110_overload_r1,Proposed,Medium (81-140),110,overload,156.51666666666668,1,20250927,11,BLK_11C,7,베이35A 론지용접,7,2025-09-28 00:52:27,2025-09-28 01:19:18,26.8,35A,베이35A,raw,
b110_overload_r1,Proposed,Medium (81-140),110,overload,156.51666666666668,1,20250927,11,BLK_11C,7,베이35A 수정,8,2025-09-28 01:19:18,2025-09-28 02:10:46,51.5,35A,베이35A,raw,
b110_overload_r1,Proposed,Medium (81-140),110,overload,156.51666666666668,1,20250927,15,BLK_15P,8,판계,1,2025-09-27 11:56:30,2025-09-27 12:38:18,41.8,,공통,raw,
b110_overload_r1,Proposed,Medium (81-140),110,overload,156.51666666666668,1,20250927,15,BLK_15P,8,전면SAW,2,2025-09-27 20:44:47,2025-09-27 22:41:26,116.6,,공통,raw,
b110_overload_r1,Proposed,Medium (81-140),110,overload,156.51666666666668,1,20250927,15,BLK_15P,8,TurnOver,3,2025-09-27 22:41:26,2025-09-27 22:54:38,13.2,,공통,raw,
b110_overload_r1,Proposed,Medium (81-140),110,overload,156.51666666666668,1,20250927,15,BLK_15P,8,후면SAW,4,2025-09-27 22:54:38,2025-09-28 00:27:31,92.9,,공통,raw,
b110_overload_r1,Proposed,Medium (81-140),110,overload,156.51666666666668,1,20250927,15,BLK_15P,8,NC,5,2025-09-28 00:27:31,2025-09-28 01:19:28,52.0,,공통,raw,
b110_overload_r1,Proposed,Medium (81-140),110,overload,156.51666666666668,1,20250927,15,BLK_15P,8,베이36B 론지취부,6,2025-09-28 01:19:28,2025-09-28 02:39:46,80.3,36B,베이36B,raw,
b110_overload_r1,Proposed,Medium (81-140),110,overload,156.51666666666668,1,20250927,15,BLK_15P,8,베이36B 론지용접,7,2025-09-28 02:39:46,2025-09-28 03:05:57,26.2,36B,베이36B,raw,
b110_overload_r1,Proposed,Medium (81-140),110,overload,156.51666666666668,1,20250927,15,BLK_15P,8,베이36B 수정,8,2025-09-28 03:05:57,2025-09-28 03:55:01,49.1,36B,베이36B,raw,
b110_overload_r1,Proposed,Medium (81-140),110,overload,156.51666666666668,1,20250927,84,BLK_84P,9,판계,1,2025-09-27 12:38:18,2025-09-27 12:51:30,13.2,,공통,raw,
b110_overload_r1,Proposed,Medium (81-140),110,overload,156.51666666666668,1,20250927,84,BLK_84P,9,전면SAW,2,2025-09-27 22:41:26,2025-09-27 23:39:48,58.4,,공통,raw,
b110_overload_r1,Proposed,Medium (81-140),110,overload,156.51666666666668,1,20250927,84,BLK_84P,9,TurnOver,3,2025-09-27 23:39:48,2025-09-27 23:53:00,13.2,,공통,raw,
b110_overload_r1,Proposed,Medium (81-140),110,overload,156.51666666666668,1,20250927,84,BLK_84P,9,후면SAW,4,2025-09-28 00:27:31,2025-09-28 01:21:05,53.6,,공통,raw,
b110_overload_r1,Proposed,Medium (81-140),110,overload,156.51666666666668,1,20250927,84,BLK_84P,9,NC,5,2025-09-28 01:21:05,2025-09-28 01:43:51,22.8,,공통,raw,
b110_overload_r1,Proposed,Medium (81-140),110,overload,156.51666666666668,1,20250927,84,BLK_84P,9,베이35A 론지취부,6,2025-09-28 01:43:51,2025-09-28 02:25:39,41.8,35A,베이35A,raw,
b110_overload_r1,Proposed,Medium (81-140),110,overload,156.51666666666668,1,20250927,84,BLK_84P,9,베이35A 론지용접,7,2025-09-28 02:25:39,2025-09-28 02:40:50,15.2,35A,베이35A,raw,
b110_overload_r1,Proposed,Medium (81-140),110,overload,156.51666666666668,1,20250927,84,BLK_84P,9,베이35A 수정,8,2025-09-28 02:40:50,2025-09-28 03:05:42,24.9,35A,베이35A,raw,
b110_overload_r1,Proposed,Medium (81-140),110,overload,156.51666666666668,1,20250927,3,BLK_3C,10,판계,1,2025-09-27 12:51:30,2025-09-27 13:24:30,33.0,,공통,raw,
b110_overload_r1,Proposed,Medium (81-140),110,overload,156.51666666666668,1,20250927,3,BLK_3C,10,전면SAW,2,2025-09-27 23:39:48,2025-09-28 00:15:58,36.2,,공통,raw,
b110_overload_r1,Proposed,Medium (81-140),110,overload,156.51666666666668,1,20250927,3,BLK_3C,10,TurnOver,3,2025-09-28 00:15:58,2025-09-28 00:29:10,13.2,,공통,raw,
b110_overload_r1,Proposed,Medium (81-140),110,overload,156.51666666666668,1,20250927,3,BLK_3C,10,후면SAW,4,2025-09-28 01:21:05,2025-09-28 01:45:26,24.4,,공통,raw,
b110_overload_r1,Proposed,Medium (81-140),110,overload,156.51666666666668,1,20250927,3,BLK_3C,10,NC,5,2025-09-28 01:45:26,2025-09-28 02:34:19,48.9,,공통,raw,
b110_overload_r1,Proposed,Medium (81-140),110,overload,156.51666666666668,1,20250927,3,BLK_3C,10,베이36B 론지취부,6,2025-09-28 02:39:46,2025-09-28 04:00:04,80.3,36B,베이36B,raw,
b110_overload_r1,Proposed,Medium (81-140),110,overload,156.51666666666668,1,20250927,3,BLK_3C,10,베이36B 론지용접,7,2025-09-28 04:00:04,2025-09-28 04:26:15,26.2,36B,베이36B,raw,
b110_overload_r1,Proposed,Medium (81-140),110,overload,156.51666666666668,1,20250927,3,BLK_3C,10,베이36B 수정,8,2025-09-28 04:26:15,2025-09-28 05:15:19,49.1,36B,베이36B,raw,
b110_overload_r1,Proposed,Medium (81-140),110,overload,156.51666666666668,1,20250927,19,BLK_19C,11,판계,1,2025-09-27 13:24:30,2025-09-27 13:46:30,22.0,,공통,raw,
b110_overload_r1,Proposed,Medium (81-140),110,overload,156.51666666666668,1,20250927,19,BLK_19C,11,전면SAW,2,2025-09-28 00:15:58,2025-09-28 00:58:58,43.0,,공통,raw,
b110_overload_r1,Proposed,Medium (81-140),110,overload,156.51666666666668,1,20250927,19,BLK_19C,11,TurnOver,3,2025-09-28 00:58:58,2025-09-28 01:12:10,13.2,,공통,raw,
b110_overload_r1,Proposed,Medium (81-140),110,overload,156.51666666666668,1,20250927,19,BLK_19C,11,후면SAW,4,2025-09-28 01:45:26,2025-09-28 02:18:48,33.4,,공통,raw,
b110_overload_r1,Proposed,Medium (81-140),110,overload,156.51666666666668,1,20250927,19,BLK_19C,11,NC,5,2025-09-28 02:34:19,2025-09-28 03:04:17,30.0,,공통,raw,
b110_overload_r1,Proposed,Medium (81-140),110,overload,156.51666666666668,1,20250927,19,BLK_19C,11,베이35A 론지취부,6,2025-09-28 03:04:17,2025-09-28 04:09:11,64.9,35A,베이35A,raw,
b110_overload_r1,Proposed,Medium (81-140),110,overload,156.51666666666668,1,20250927,19,BLK_19C,11,베이35A 론지용접,7,2025-09-28 04:09:11,2025-09-28 04:32:43,23.5,35A,베이35A,raw,
b110_overload_r1,Proposed,Medium (81-140),110,overload,156.51666666666668,1,20250927,19,BLK_19C,11,베이35A 수정,8,2025-09-28 04:32:43,2025-09-28 05:12:06,39.4,35A,베이35A,raw,
b110_overload_r1,Proposed,Medium (81-140),110,overload,156.51666666666668,1,20250927,20,BLK_20C,12,판계,1,2025-09-27 13:46:30,2025-09-27 13:59:42,13.2,,공통,raw,
b110_overload_r1,Proposed,Medium (81-140),110,overload,156.51666666666668,1,20250927,20,BLK_20C,12,전면SAW,2,2025-09-28 00:58:58,2025-09-28 01:51:39,52.7,,공통,raw,
b110_overload_r1,Proposed,Medium (81-140),110,overload,156.51666666666668,1,20250927,20,BLK_20C,12,TurnOver,3,2025-09-28 01:51:39,2025-09-28 02:04:51,13.2,,공통,raw,
b110_overload_r1,Proposed,Medium (81-140),110,overload,156.51666666666668,1,20250927,20,BLK_20C,12,후면SAW,4,2025-09-28 02:18:48,2025-09-28 03:04:54,46.1,,공통,raw,
b110_overload_r1,Proposed,Medium (81-140),110,overload,156.51666666666668,1,20250927,20,BLK_20C,12,NC,5,2025-09-28 03:04:54,2025-09-28 03:28:06,23.2,,공통,raw,
b110_overload_r1,Proposed,Medium (81-140),110,overload,156.51666666666668,1,20250927,20,BLK_20C,12,베이36B 론지취부,6,2025-09-28 04:00:04,2025-09-28 04:53:25,53.4,36B,베이36B,raw,
b110_overload_r1,Proposed,Medium (81-140),110,overload,156.51666666666668,1,20250927,20,BLK_20C,12,베이36B 론지용접,7,2025-09-28 04:53:25,2025-09-28 05:14:59,21.6,36B,베이36B,raw,
b110_overload_r1,Proposed,Medium (81-140),110,overload,156.51666666666668,1,20250927,20,BLK_20C,12,베이36B 수정,8,2025-09-28 05:15:19,2025-09-28 05:47:26,32.1,36B,베이36B,raw,
b110_overload_r1,Proposed,Medium (81-140),110,overload,156.51666666666668,1,20250928,54,BLK_54P,1,판계,1,2025-09-28 08:00:00,2025-09-28 08:33:00,33.0,,공통,raw,
b110_overload_r1,Proposed,Medium (81-140),110,overload,156.51666666666668,1,20250928,54,BLK_54P,1,전면SAW,2,2025-09-28 08:33:00,2025-09-28 11:34:07,181.1,,공통,raw,
b110_overload_r1,Proposed,Medium (81-140),110,overload,156.51666666666668,1,20250928,54,BLK_54P,1,TurnOver,3,2025-09-28 11:34:07,2025-09-28 11:47:19,13.2,,공통,raw,
b110_overload_r1,Proposed,Medium (81-140),110,overload,156.51666666666668,1,20250928,54,BLK_54P,1,후면SAW,4,2025-09-28 11:47:19,2025-09-28 14:16:00,148.7,,공통,raw,
b110_overload_r1,Proposed,Medium (81-140),110,overload,156.51666666666668,1,20250928,54,BLK_54P,1,NC,5,2025-09-28 14:16:00,2025-09-28 15:23:41,67.7,,공통,raw,
b110_overload_r1,Proposed,Medium (81-140),110,overload,156.51666666666668,1,20250928,54,BLK_54P,1,베이35A 론지취부,6,2025-09-28 15:23:41,2025-09-28 16:59:23,95.7,35A,베이35A,raw,
b110_overload_r1,Proposed,Medium (81-140),110,overload,156.51666666666668,1,20250928,54,BLK_54P,1,베이35A 론지용접,7,2025-09-28 16:59:23,2025-09-28 17:28:12,28.8,35A,베이35A,raw,
b110_overload_r1,Proposed,Medium (81-140),110,overload,156.51666666666668,1,20250928,54,BLK_54P,1,베이35A 수정,8,2025-09-28 17:28:12,2025-09-28 18:26:56,58.7,35A,베이35A,raw,
b110_overload_r1,Proposed,Medium (81-140),110,overload,156.51666666666668,1,20250928,64,BLK_64P,2,판계,1,2025-09-28 08:33:00,2025-09-28 09:06:00,33.0,,공통,raw,
b110_overload_r1,Proposed,Medium (81-140),110,overload,156.51666666666668,1,20250928,64,BLK_64P,2,전면SAW,2,2025-09-28 11:34:07,2025-09-28 13:57:53,143.8,,공통,raw,
b110_overload_r1,Proposed,Medium (81-140),110,overload,156.51666666666668,1,20250928,64,BLK_64P,2,TurnOver,3,2025-09-28 13:57:53,2025-09-28 14:11:05,13.2,,공통,raw,
b110_overload_r1,Proposed,Medium (81-140),110,overload,156.51666666666668,1,20250928,64,BLK_64P,2,후면SAW,4,2025-09-28 14:16:00,2025-09-28 16:00:09,104.1,,공통,raw,
b110_overload_r1,Proposed,Medium (81-140),110,overload,156.51666666666668,1,20250928,64,BLK_64P,2,NC,5,2025-09-28 16:00:09,2025-09-28 17:05:51,65.7,,공통,raw,
b110_overload_r1,Proposed,Medium (81-140),110,overload,156.51666666666668,1,20250928,64,BLK_64P,2,베이36B 론지취부,6,2025-09-28 17:05:51,2025-09-28 18:26:09,80.3,36B,베이36B,raw,
b110_overload_r1,Proposed,Medium (81-140),110,overload,156.51666666666668,1,20250928,64,BLK_64P,2,베이36B 론지용접,7,2025-09-28 18:26:09,2025-09-28 18:52:19,26.2,36B,베이36B,raw,
b110_overload_r1,Proposed,Medium (81-140),110,overload,156.51666666666668,1,20250928,64,BLK_64P,2,베이36B 수정,8,2025-09-28 18:52:19,2025-09-28 19:41:23,49.1,36B,베이36B,raw,
b110_overload_r1,Proposed,Medium (81-140),110,overload,156.51666666666668,1,20250928,99,BLK_99C,3,판계,1,2025-09-28 09:06:00,2025-09-28 09:28:00,22.0,,공통,raw,
b110_overload_r1,Proposed,Medium (81-140),110,overload,156.51666666666668,1,20250928,99,BLK_99C,3,전면SAW,2,2025-09-28 13:57:53,2025-09-28 14:36:19,38.4,,공통,raw,
b110_overload_r1,Proposed,Medium (81-140),110,overload,156.51666666666668,1,20250928,99,BLK_99C,3,TurnOver,3,2025-09-28 14:36:19,2025-09-28 14:49:31,13.2,,공통,raw,
b110_overload_r1,Proposed,Medium (81-140),110,overload,156.51666666666668,1,20250928,99,BLK_99C,3,후면SAW,4,2025-09-28 16:00:09,2025-09-28 16:27:29,27.3,,공통,raw,
b110_overload_r1,Proposed,Medium (81-140),110,overload,156.51666666666668,1,20250928,99,BLK_99C,3,NC,5,2025-09-28 17:05:51,2025-09-28 17:36:32,30.7,,공통,raw,
b110_overload_r1,Proposed,Medium (81-140),110,overload,156.51666666666668,1,20250928,99,BLK_99C,3,베이35A 론지취부,6,2025-09-28 17:36:32,2025-09-28 18:29:53,53.4,35A,베이35A,raw,
b110_overload_r1,Proposed,Medium (81-140),110,overload,156.51666666666668,1,20250928,99,BLK_99C,3,베이35A 론지용접,7,2025-09-28 18:29:53,2025-09-28 18:51:27,21.6,35A,베이35A,raw,
b110_overload_r1,Proposed,Medium (81-140),110,overload,156.51666666666668,1,20250928,99,BLK_99C,3,베이35A 수정,8,2025-09-28 18:51:27,2025-09-28 19:23:34,32.1,35A,베이35A,raw,
b110_overload_r1,Proposed,Medium (81-140),110,overload,156.51666666666668,1,20250928,74,BLK_74S,4,판계,1,2025-09-28 09:28:00,2025-09-28 09:50:00,22.0,,공통,raw,
b110_overload_r1,Proposed,Medium (81-140),110,overload,156.51666666666668,1,20250928,74,BLK_74S,4,전면SAW,2,2025-09-28 14:36:19,2025-09-28 16:32:50,116.5,,공통,raw,
b110_overload_r1,Proposed,Medium (81-140),110,overload,156.51666666666668,1,20250928,74,BLK_74S,4,TurnOver,3,2025-09-28 16:32:50,2025-09-28 16:46:02,13.2,,공통,raw,
b110_overload_r1,Proposed,Medium (81-140),110,overload,156.51666666666668,1,20250928,74,BLK_74S,4,후면SAW,4,2025-09-28 16:46:02,2025-09-28 18:18:48,92.8,,공통,raw,
b110_overload_r1,Proposed,Medium (81-140),110,overload,156.51666666666668,1,20250928,74,BLK_74S,4,NC,5,2025-09-28 18:18:48,2025-09-28 18:49:45,30.9,,공통,raw,
b110_overload_r1,Proposed,Medium (81-140),110,overload,156.51666666666668,1,20250928,74,BLK_74S,4,베이36B 론지취부,6,2025-09-28 18:49:45,2025-09-28 19:58:30,68.8,36B,베이36B,raw,
b110_overload_r1,Proposed,Medium (81-140),110,overload,156.51666666666668,1,20250928,74,BLK_74S,4,베이36B 론지용접,7,2025-09-28 19:58:30,2025-09-28 20:22:42,24.2,36B,베이36B,raw,
b110_overload_r1,Proposed,Medium (81-140),110,overload,156.51666666666668,1,20250928,74,BLK_74S,4,베이36B 수정,8,2025-09-28 20:22:42,2025-09-28 21:04:30,41.8,36B,베이36B,raw,
b110_overload_r1,Proposed,Medium (81-140),110,overload,156.51666666666668,1,20250928,51,BLK_51C,5,판계,1,2025-09-28 09:50:00,2025-09-28 10:26:18,36.3,,공통,raw,
b110_overload_r1,Proposed,Medium (81-140),110,overload,156.51666666666668,1,20250928,51,BLK_51C,5,전면SAW,2,2025-09-28 16:32:50,2025-09-28 18:49:53,137.0,,공통,raw,
b110_overload_r1,Proposed,Medium (81-140),110,overload,156.51666666666668,1,20250928,51,BLK_51C,5,TurnOver,3,2025-09-28 18:49:53,2025-09-28 19:03:05,13.2,,공통,raw,
b110_overload_r1,Proposed,Medium (81-140),110,overload,156.51666666666668,1,20250928,51,BLK_51C,5,후면SAW,4,2025-09-28 19:03:05,2025-09-28 21:23:05,140.0,,공통,raw,
b110_overload_r1,Proposed,Medium (81-140),110,overload,156.51666666666668,1,20250928,51,BLK_51C,5,NC,5,2025-09-28 21:23:05,2025-09-28 22:10:05,47.0,,공통,raw,
b110_overload_r1,Proposed,Medium (81-140),110,overload,156.51666666666668,1,20250928,51,BLK_51C,5,베이35A 론지취부,6,2025-09-28 22:10:05,2025-09-28 23:07:17,57.2,35A,베이35A,raw,
b110_overload_r1,Proposed,Medium (81-140),110,overload,156.51666666666668,1,20250928,51,BLK_51C,5,베이35A 론지용접,7,2025-09-28 23:07:17,2025-09-28 23:29:30,22.2,35A,베이35A,raw,
b110_overload_r1,Proposed,Medium (81-140),110,overload,156.51666666666668,1,20250928,51,BLK_51C,5,베이35A 수정,8,2025-09-28 23:29:30,2025-09-29 00:04:03,34.5,35A,베이35A,raw,
b110_overload_r1,Proposed,Medium (81-140),110,overload,156.51666666666668,1,20250928,58,BLK_58S,6,판계,1,2025-09-28 10:26:18,2025-09-28 10:59:18,33.0,,공통,raw,
b110_overload_r1,Proposed,Medium (81-140),110,overload,156.51666666666668,1,20250928,58,BLK_58S,6,전면SAW,2,2025-09-28 18:49:53,2025-09-28 19:24:45,34.9,,공통,raw,
b110_overload_r1,Proposed,Medium (81-140),110,overload,156.51666666666668,1,20250928,58,BLK_58S,6,TurnOver,3,2025-09-28 19:24:45,2025-09-28 19:37:57,13.2,,공통,raw,
b110_overload_r1,Proposed,Medium (81-140),110,overload,156.51666666666668,1,20250928,58,BLK_58S,6,후면SAW,4,2025-09-28 21:23:05,2025-09-28 21:45:44,22.6,,공통,raw,
b110_overload_r1,Proposed,Medium (81-140),110,overload,156.51666666666668,1,20250928,58,BLK_58S,6,NC,5,2025-09-28 22:10:05,2025-09-28 22:58:14,48.2,,공통,raw,
b110_overload_r1,Proposed,Medium (81-140),110,overload,156.51666666666668,1,20250928,58,BLK_58S,6,베이36B 론지취부,6,2025-09-28 22:58:14,2025-09-29 00:53:11,115.0,36B,베이36B,raw,
b110_overload_r1,Proposed,Medium (81-140),110,overload,156.51666666666668,1,20250928,58,BLK_58S,6,베이36B 론지용접,7,2025-09-29 00:53:11,2025-09-29 01:25:19,32.1,36B,베이36B,raw,
b110_overload_r1,Proposed,Medium (81-140),110,overload,156.51666666666668,1,20250928,58,BLK_58S,6,베이36B 수정,8,2025-09-29 01:25:19,2025-09-29 02:36:09,70.8,36B,베이36B,raw,
b110_overload_r1,Proposed,Medium (81-140),110,overload,156.51666666666668,1,20250928,104,BLK_104C,7,판계,1,2025-09-28 10:59:18,2025-09-28 11:32:18,33.0,,공통,raw,
b110_overload_r1,Proposed,Medium (81-140),110,overload,156.51666666666668,1,20250928,104,BLK_104C,7,전면SAW,2,2025-09-28 19:24:45,2025-09-28 19:57:31,32.8,,공통,raw,
b110_overload_r1,Proposed,Medium (81-140),110,overload,156.51666666666668,1,20250928,104,BLK_104C,7,TurnOver,3,2025-09-28 19:57:31,2025-09-28 20:10:43,13.2,,공통,raw,
b110_overload_r1,Proposed,Medium (81-140),110,overload,156.51666666666668,1,20250928,104,BLK_104C,7,후면SAW,4,2025-09-28 21:45:44,2025-09-28 22:05:37,19.9,,공통,raw,
b110_overload_r1,Proposed,Medium (81-140),110,overload,156.51666666666668,1,20250928,104,BLK_104C,7,NC,5,2025-09-28 22:58:14,2025-09-28 23:42:13,44.0,,공통,raw,
b110_overload_r1,Proposed,Medium (81-140),110,overload,156.51666666666668,1,20250928,104,BLK_104C,7,베이35A 론지취부,6,2025-09-28 23:42:13,2025-09-29 01:10:13,88.0,35A,베이35A,raw,
b110_overload_r1,Proposed,Medium (81-140),110,overload,156.51666666666668,1,20250928,104,BLK_104C,7,베이35A 론지용접,7,2025-09-29 01:10:13,2025-09-29 01:37:43,27.5,35A,베이35A,raw,
b110_overload_r1,Proposed,Medium (81-140),110,overload,156.51666666666668,1,20250928,104,BLK_104C,7,베이35A 수정,8,2025-09-29 01:37:43,2025-09-29 02:31:37,53.9,35A,베이35A,raw,
b110_overload_r1,Proposed,Medium (81-140),110,overload,156.51666666666668,1,20250928,61,BLK_61P,8,판계,1,2025-09-28 11:32:18,2025-09-28 12:21:48,49.5,,공통,raw,
b110_overload_r1,Proposed,Medium (81-140),110,overload,156.51666666666668,1,20250928,61,BLK_61P,8,전면SAW,2,2025-09-28 19:57:31,2025-09-28 21:58:48,121.3,,공통,raw,
b110_overload_r1,Proposed,Medium (81-140),110,overload,156.51666666666668,1,20250928,61,BLK_61P,8,TurnOver,3,2025-09-28 21:58:48,2025-09-28 22:12:00,13.2,,공통,raw,
b110_overload_r1,Proposed,Medium (81-140),110,overload,156.51666666666668,1,20250928,61,BLK_61P,8,후면SAW,4,2025-09-28 22:12:00,2025-09-29 00:13:38,121.6,,공통,raw,
b110_overload_r1,Proposed,Medium (81-140),110,overload,156.51666666666668,1,20250928,61,BLK_61P,8,NC,5,2025-09-29 00:13:38,2025-09-29 01:20:22,66.7,,공통,raw,
b110_overload_r1,Proposed,Medium (81-140),110,overload,156.51666666666668,1,20250928,61,BLK_61P,8,베이36B 론지취부,6,2025-09-29 01:20:22,2025-09-29 02:40:40,80.3,36B,베이36B,raw,
b110_overload_r1,Proposed,Medium (81-140),110,overload,156.51666666666668,1,20250928,61,BLK_61P,8,베이36B 론지용접,7,2025-09-29 02:40:40,2025-09-29 03:06:50,26.2,36B,베이36B,raw,
b110_overload_r1,Proposed,Medium (81-140),110,overload,156.51666666666668,1,20250928,61,BLK_61P,8,베이36B 수정,8,2025-09-29 03:06:50,2025-09-29 03:55:54,49.1,36B,베이36B,raw,
b110_overload_r1,Proposed,Medium (81-140),110,overload,156.51666666666668,1,20250928,32,BLK_32S,9,판계,1,2025-09-28 12:21:48,2025-09-28 12:43:48,22.0,,공통,raw,
b110_overload_r1,Proposed,Medium (81-140),110,overload,156.51666666666668,1,20250928,32,BLK_32S,9,전면SAW,2,2025-09-28 21:58:48,2025-09-28 22:40:55,42.1,,공통,raw,
b110_overload_r1,Proposed,Medium (81-140),110,overload,156.51666666666668,1,20250928,32,BLK_32S,9,TurnOver,3,2025-09-28 22:40:55,2025-09-28 22:54:07,13.2,,공통,raw,
b110_overload_r1,Proposed,Medium (81-140),110,overload,156.51666666666668,1,20250928,32,BLK_32S,9,후면SAW,4,2025-09-29 00:13:38,2025-09-29 00:45:49,32.2,,공통,raw,
b110_overload_r1,Proposed,Medium (81-140),110,overload,156.51666666666668,1,20250928,32,BLK_32S,9,NC,5,2025-09-29 01:20:22,2025-09-29 01:54:10,33.8,,공통,raw,
b110_overload_r1,Proposed,Medium (81-140),110,overload,156.51666666666668,1,20250928,32,BLK_32S,9,베이35A 론지취부,6,2025-09-29 01:54:10,2025-09-29 02:59:04,64.9,35A,베이35A,raw,
b110_overload_r1,Proposed,Medium (81-140),110,overload,156.51666666666668,1,20250928,32,BLK_32S,9,베이35A 론지용접,7,2025-09-29 02:59:04,2025-09-29 03:22:36,23.5,35A,베이35A,raw,
b110_overload_r1,Proposed,Medium (81-140),110,overload,156.51666666666668,1,20250928,32,BLK_32S,9,베이35A 수정,8,2025-09-29 03:22:36,2025-09-29 04:01:59,39.4,35A,베이35A,raw,
b110_overload_r1,Proposed,Medium (81-140),110,overload,156.51666666666668,1,20250928,35,BLK_35P,10,판계,1,2025-09-28 12:43:48,2025-09-28 13:14:36,30.8,,공통,raw,
b110_overload_r1,Proposed,Medium (81-140),110,overload,156.51666666666668,1,20250928,35,BLK_35P,10,전면SAW,2,2025-09-28 22:40:55,2025-09-29 00:46:57,126.0,,공통,raw,
b110_overload_r1,Proposed,Medium (81-140),110,overload,156.51666666666668,1,20250928,35,BLK_35P,10,TurnOver,3,2025-09-29 00:46:57,2025-09-29 01:00:09,13.2,,공통,raw,
b110_overload_r1,Proposed,Medium (81-140),110,overload,156.51666666666668,1,20250928,35,BLK_35P,10,후면SAW,4,2025-09-29 01:00:09,2025-09-29 02:41:36,101.5,,공통,raw,
b110_overload_r1,Proposed,Medium (81-140),110,overload,156.51666666666668,1,20250928,35,BLK_35P,10,NC,5,2025-09-29 02:41:36,2025-09-29 03:18:19,36.7,,공통,raw,
b110_overload_r1,Proposed,Medium (81-140),110,overload,156.51666666666668,1,20250928,35,BLK_35P,10,베이36B 론지취부,6,2025-09-29 03:18:19,2025-09-29 04:07:49,49.5,36B,베이36B,raw,
b110_overload_r1,Proposed,Medium (81-140),110,overload,156.51666666666668,1,20250928,35,BLK_35P,10,베이36B 론지용접,7,2025-09-29 04:07:49,2025-09-29 04:28:43,20.9,36B,베이36B,raw,
b110_overload_r1,Proposed,Medium (81-140),110,overload,156.51666666666668,1,20250928,35,BLK_35P,10,베이36B 수정,8,2025-09-29 04:28:43,2025-09-29 04:58:25,29.7,36B,베이36B,raw,
b110_overload_r1,Proposed,Medium (81-140),110,overload,156.51666666666668,1,20250929,28,BLK_28C,1,판계,1,2025-09-29 08:00:00,2025-09-29 08:33:00,33.0,,공통,raw,
b110_overload_r1,Proposed,Medium (81-140),110,overload,156.51666666666668,1,20250929,28,BLK_28C,1,전면SAW,2,2025-09-29 08:33:00,2025-09-29 09:06:09,33.2,,공통,raw,
b110_overload_r1,Proposed,Medium (81-140),110,overload,156.51666666666668,1,20250929,28,BLK_28C,1,TurnOver,3,2025-09-29 09:06:09,2025-09-29 09:19:21,13.2,,공통,raw,
b110_overload_r1,Proposed,Medium (81-140),110,overload,156.51666666666668,1,20250929,28,BLK_28C,1,후면SAW,4,2025-09-29 09:19:21,2025-09-29 09:39:45,20.4,,공통,raw,
b110_overload_r1,Proposed,Medium (81-140),110,overload,156.51666666666668,1,20250929,28,BLK_28C,1,NC,5,2025-09-29 09:39:45,2025-09-29 10:34:01,54.3,,공통,raw,
b110_overload_r1,Proposed,Medium (81-140),110,overload,156.51666666666668,1,20250929,28,BLK_28C,1,베이35A 론지취부,6,2025-09-29 10:34:01,2025-09-29 12:36:40,122.7,35A,베이35A,raw,
b110_overload_r1,Proposed,Medium (81-140),110,overload,156.51666666666668,1,20250929,28,BLK_28C,1,베이35A 론지용접,7,2025-09-29 12:36:40,2025-09-29 13:10:06,33.4,35A,베이35A,raw,
b110_overload_r1,Proposed,Medium (81-140),110,overload,156.51666666666668,1,20250929,28,BLK_28C,1,베이35A 수정,8,2025-09-29 13:10:06,2025-09-29 14:25:47,75.7,35A,베이35A,raw,
b110_overload_r1,Proposed,Medium (81-140),110,overload,156.51666666666668,1,20250929,39,BLK_39S,2,판계,1,2025-09-29 08:33:00,2025-09-29 09:14:48,41.8,,공통,raw,
b110_overload_r1,Proposed,Medium (81-140),110,overload,156.51666666666668,1,20250929,39,BLK_39S,2,전면SAW,2,2025-09-29 09:14:48,2025-09-29 11:12:14,117.4,,공통,raw,
b110_overload_r1,Proposed,Medium (81-140),110,overload,156.51666666666668,1,20250929,39,BLK_39S,2,TurnOver,3,2025-09-29 11:12:14,2025-09-29 11:25:26,13.2,,공통,raw,
b110_overload_r1,Proposed,Medium (81-140),110,overload,156.51666666666668,1,20250929,39,BLK_39S,2,후면SAW,4,2025-09-29 11:25:26,2025-09-29 12:59:02,93.6,,공통,raw,
b110_overload_r1,Proposed,Medium (81-140),110,overload,156.51666666666668,1,20250929,39,BLK_39S,2,NC,5,2025-09-29 12:59:02,2025-09-29 13:52:10,53.1,,공통,raw,
b110_overload_r1,Proposed,Medium (81-140),110,overload,156.51666666666668,1,20250929,39,BLK_39S,2,베이36B 론지취부,6,2025-09-29 13:52:10,2025-09-29 15:08:37,76.5,36B,베이36B,raw,
b110_overload_r1,Proposed,Medium (81-140),110,overload,156.51666666666668,1,20250929,39,BLK_39S,2,베이36B 론지용접,7,2025-09-29 15:08:37,2025-09-29 15:34:08,25.5,36B,베이36B,raw,
b110_overload_r1,Proposed,Medium (81-140),110,overload,156.51666666666668,1,20250929,39,BLK_39S,2,베이36B 수정,8,2025-09-29 15:34:08,2025-09-29 16:20:47,46.6,36B,베이36B,raw,
b110_overload_r1,Proposed,Medium (81-140),110,overload,156.51666666666668,1,20250929,40,BLK_40C,3,판계,1,2025-09-29 09:14:48,2025-09-29 09:42:18,27.5,,공통,raw,
b110_overload_r1,Proposed,Medium (81-140),110,overload,156.51666666666668,1,20250929,40,BLK_40C,3,전면SAW,2,2025-09-29 11:12:14,2025-09-29 11:59:42,47.5,,공통,raw,
b110_overload_r1,Proposed,Medium (81-140),110,overload,156.51666666666668,1,20250929,40,BLK_40C,3,TurnOver,3,2025-09-29 11:59:42,2025-09-29 12:12:54,13.2,,공통,raw,
b110_overload_r1,Proposed,Medium (81-140),110,overload,156.51666666666668,1,20250929,40,BLK_40C,3,후면SAW,4,2025-09-29 12:59:02,2025-09-29 13:38:16,39.2,,공통,raw,
b110_overload_r1,Proposed,Medium (81-140),110,overload,156.51666666666668,1,20250929,40,BLK_40C,3,NC,5,2025-09-29 13:52:10,2025-09-29 14:34:01,41.9,,공통,raw,
b110_overload_r1,Proposed,Medium (81-140),110,overload,156.51666666666668,1,20250929,40,BLK_40C,3,베이35A 론지취부,6,2025-09-29 14:34:01,2025-09-29 15:46:37,72.6,35A,베이35A,raw,
b110_overload_r1,Proposed,Medium (81-140),110,overload,156.51666666666668,1,20250929,40,BLK_40C,3,베이35A 론지용접,7,2025-09-29 15:46:37,2025-09-29 16:11:29,24.9,35A,베이35A,raw,
b110_overload_r1,Proposed,Medium (81-140),110,overload,156.51666666666668,1,20250929,40,BLK_40C,3,베이35A 수정,8,2025-09-29 16:11:29,2025-09-29 16:55:42,44.2,35A,베이35A,raw,
b110_overload_r1,Proposed,Medium (81-140),110,overload,156.51666666666668,1,20250929,59,BLK_59P,4,판계,1,2025-09-29 09:42:18,2025-09-29 10:15:18,33.0,,공통,raw,
b110_overload_r1,Proposed,Medium (81-140),110,overload,156.51666666666668,1,20250929,59,BLK_59P,4,전면SAW,2,2025-09-29 11:59:42,2025-09-29 14:07:03,127.3,,공통,raw,
b110_overload_r1,Proposed,Medium (81-140),110,overload,156.51666666666668,1,20250929,59,BLK_59P,4,TurnOver,3,2025-09-29 14:07:03,2025-09-29 14:20:15,13.2,,공통,raw,
b110_overload_r1,Proposed,Medium (81-140),110,overload,156.51666666666668,1,20250929,59,BLK_59P,4,후면SAW,4,2025-09-29 14:20:15,2025-09-29 16:02:54,102.6,,공통,raw,
b110_overload_r1,Proposed,Medium (81-140),110,overload,156.51666666666668,1,20250929,59,BLK_59P,4,NC,5,2025-09-29 16:02:54,2025-09-29 17:03:12,60.3,,공통,raw,
b110_overload_r1,Proposed,Medium (81-140),110,overload,156.51666666666668,1,20250929,59,BLK_59P,4,베이36B 론지취부,6,2025-09-29 17:03:12,2025-09-29 18:08:06,64.9,36B,베이36B,raw,
b110_overload_r1,Proposed,Medium (81-140),110,overload,156.51666666666668,1,20250929,59,BLK_59P,4,베이36B 론지용접,7,2025-09-29 18:08:06,2025-09-29 18:31:39,23.5,36B,베이36B,raw,
b110_overload_r1,Proposed,Medium (81-140),110,overload,156.51666666666668,1,20250929,59,BLK_59P,4,베이36B 수정,8,2025-09-29 18:31:39,2025-09-29 19:11:01,39.4,36B,베이36B,raw,
b110_overload_r1,Proposed,Medium (81-140),110,overload,156.51666666666668,1,20250929,78,BLK_78P,5,판계,1,2025-09-29 10:15:18,2025-09-29 10:42:48,27.5,,공통,raw,
b110_overload_r1,Proposed,Medium (81-140),110,overload,156.51666666666668,1,20250929,78,BLK_78P,5,전면SAW,2,2025-09-29 14:07:03,2025-09-29 14:47:05,40.0,,공통,raw,
b110_overload_r1,Proposed,Medium (81-140),110,overload,156.51666666666668,1,20250929,78,BLK_78P,5,TurnOver,3,2025-09-29 14:47:05,2025-09-29 15:00:17,13.2,,공통,raw,
b110_overload_r1,Proposed,Medium (81-140),110,overload,156.51666666666668,1,20250929,78,BLK_78P,5,후면SAW,4,2025-09-29 16:02:54,2025-09-29 16:32:20,29.4,,공통,raw,
b110_overload_r1,Proposed,Medium (81-140),110,overload,156.51666666666668,1,20250929,78,BLK_78P,5,NC,5,2025-09-29 17:03:12,2025-09-29 17:44:18,41.1,,공통,raw,
b110_overload_r1,Proposed,Medium (81-140),110,overload,156.51666666666668,1,20250929,78,BLK_78P,5,베이35A 론지취부,6,2025-09-29 17:44:18,2025-09-29 19:04:36,80.3,35A,베이35A,raw,
b110_overload_r1,Proposed,Medium (81-140),110,overload,156.51666666666668,1,20250929,78,BLK_78P,5,베이35A 론지용접,7,2025-09-29 19:04:36,2025-09-29 19:30:47,26.2,35A,베이35A,raw,
b110_overload_r1,Proposed,Medium (81-140),110,overload,156.51666666666668,1,20250929,78,BLK_78P,5,베이35A 수정,8,2025-09-29 19:30:47,2025-09-29 20:19:50,49.1,35A,베이35A,raw,
b110_overload_r1,Proposed,Medium (81-140),110,overload,156.51666666666668,1,20250929,101,BLK_101P,6,판계,1,2025-09-29 10:42:48,2025-09-29 10:56:00,13.2,,공통,raw,
b110_overload_r1,Proposed,Medium (81-140),110,overload,156.51666666666668,1,20250929,101,BLK_101P,6,전면SAW,2,2025-09-29 14:47:05,2025-09-29 15:35:53,48.8,,공통,raw,
b110_overload_r1,Proposed,Medium (81-140),110,overload,156.51666666666668,1,20250929,101,BLK_101P,6,TurnOver,3,2025-09-29 15:35:53,2025-09-29 15:49:05,13.2,,공통,raw,
b110_overload_r1,Proposed,Medium (81-140),110,overload,156.51666666666668,1,20250929,101,BLK_101P,6,후면SAW,4,2025-09-29 16:32:20,2025-09-29 17:13:19,41.0,,공통,raw,
b110_overload_r1,Proposed,Medium (81-140),110,overload,156.51666666666668,1,20250929,101,BLK_101P,6,NC,5,2025-09-29 17:44:18,2025-09-29 18:07:39,23.4,,공통,raw,
b110_overload_r1,Proposed,Medium (81-140),110,overload,156.51666666666668,1,20250929,101,BLK_101P,6,베이36B 론지취부,6,2025-09-29 18:08:06,2025-09-29 18:46:03,38.0,36B,베이36B,raw,
b110_overload_r1,Proposed,Medium (81-140),110,overload,156.51666666666668,1,20250929,101,BLK_101P,6,베이36B 론지용접,7,2025-09-29 18:46:03,2025-09-29 19:00:34,14.5,36B,베이36B,raw,
b110_overload_r1,Proposed,Medium (81-140),110,overload,156.51666666666668,1,20250929,101,BLK_101P,6,베이36B 수정,8,2025-09-29 19:11:01,2025-09-29 19:33:28,22.4,36B,베이36B,raw,
b110_overload_r1,Proposed,Medium (81-140),110,overload,156.51666666666668,1,20250929,49,BLK_49C,7,판계,1,2025-09-29 10:56:00,2025-09-29 11:23:30,27.5,,공통,raw,
b110_overload_r1,Proposed,Medium (81-140),110,overload,156.51666666666668,1,20250929,49,BLK_49C,7,전면SAW,2,2025-09-29 15:35:53,2025-09-29 16:24:16,48.4,,공통,raw,
b110_overload_r1,Proposed,Medium (81-140),110,overload,156.51666666666668,1,20250929,49,BLK_49C,7,TurnOver,3,2025-09-29 16:24:16,2025-09-29 16:37:28,13.2,,공통,raw,
b110_overload_r1,Proposed,Medium (81-140),110,overload,156.51666666666668,1,20250929,49,BLK_49C,7,후면SAW,4,2025-09-29 17:13:19,2025-09-29 17:53:46,40.4,,공통,raw,
b110_overload_r1,Proposed,Medium (81-140),110,overload,156.51666666666668,1,20250929,49,BLK_49C,7,NC,5,2025-09-29 18:07:39,2025-09-29 18:47:19,39.7,,공통,raw,
b110_overload_r1,Proposed,Medium (81-140),110,overload,156.51666666666668,1,20250929,49,BLK_49C,7,베이35A 론지취부,6,2025-09-29 19:04:36,2025-09-29 20:05:39,61.1,35A,베이35A,raw,
b110_overload_r1,Proposed,Medium (81-140),110,overload,156.51666666666668,1,20250929,49,BLK_49C,7,베이35A 론지용접,7,2025-09-29 20:05:39,2025-09-29 20:28:32,22.9,35A,베이35A,raw,
b110_overload_r1,Proposed,Medium (81-140),110,overload,156.51666666666668,1,20250929,49,BLK_49C,7,베이35A 수정,8,2025-09-29 20:28:32,2025-09-29 21:05:29,37.0,35A,베이35A,raw,
b110_overload_r1,Proposed,Medium (81-140),110,overload,156.51666666666668,1,20250929,88,BLK_88S,8,판계,1,2025-09-29 11:23:30,2025-09-29 11:56:30,33.0,,공통,raw,
b110_overload_r1,Proposed,Medium (81-140),110,overload,156.51666666666668,1,20250929,88,BLK_88S,8,전면SAW,2,2025-09-29 16:24:16,2025-09-29 16:56:30,32.2,,공통,raw,
b110_overload_r1,Proposed,Medium (81-140),110,overload,156.51666666666668,1,20250929,88,BLK_88S,8,TurnOver,3,2025-09-29 16:56:30,2025-09-29 17:09:42,13.2,,공통,raw,
b110_overload_r1,Proposed,Medium (81-140),110,overload,156.51666666666668,1,20250929,88,BLK_88S,8,후면SAW,4,2025-09-29 17:53:46,2025-09-29 18:12:56,19.2,,공통,raw,
b110_overload_r1,Proposed,Medium (81-140),110,overload,156.51666666666668,1,20250929,88,BLK_88S,8,NC,5,2025-09-29 18:47:19,2025-09-29 19:40:58,53.7,,공통,raw,
b110_overload_r1,Proposed,Medium (81-140),110,overload,156.51666666666668,1,20250929,88,BLK_88S,8,베이36B 론지취부,6,2025-09-29 19:40:58,2025-09-29 21:28:13,107.3,36B,베이36B,raw,
b110_overload_r1,Proposed,Medium (81-140),110,overload,156.51666666666668,1,20250929,88,BLK_88S,8,베이36B 론지용접,7,2025-09-29 21:28:13,2025-09-29 21:59:01,30.8,36B,베이36B,raw,
b110_overload_r1,Proposed,Medium (81-140),110,overload,156.51666666666668,1,20250929,88,BLK_88S,8,베이36B 수정,8,2025-09-29 21:59:01,2025-09-29 23:05:01,66.0,36B,베이36B,raw,
b110_overload_r1,Proposed,Medium (81-140),110,overload,156.51666666666668,1,20250929,69,BLK_69S,9,판계,1,2025-09-29 11:56:30,2025-09-29 12:29:30,33.0,,공통,raw,
b110_overload_r1,Proposed,Medium (81-140),110,overload,156.51666666666668,1,20250929,69,BLK_69S,9,전면SAW,2,2025-09-29 16:56:30,2025-09-29 17:30:11,33.7,,공통,raw,
b110_overload_r1,Proposed,Medium (81-140),110,overload,156.51666666666668,1,20250929,69,BLK_69S,9,TurnOver,3,2025-09-29 17:30:11,2025-09-29 17:43:23,13.2,,공통,raw,
b110_overload_r1,Proposed,Medium (81-140),110,overload,156.51666666666668,1,20250929,69,BLK_69S,9,후면SAW,4,2025-09-29 18:12:56,2025-09-29 18:34:01,21.1,,공통,raw,
b110_overload_r1,Proposed,Medium (81-140),110,overload,156.51666666666668,1,20250929,69,BLK_69S,9,NC,5,2025-09-29 19:40:58,2025-09-29 20:27:49,46.8,,공통,raw,
b110_overload_r1,Proposed,Medium (81-140),110,overload,156.51666666666668,1,20250929,69,BLK_69S,9,베이35A 론지취부,6,2025-09-29 20:27:49,2025-09-29 21:48:07,80.3,35A,베이35A,raw,
b110_overload_r1,Proposed,Medium (81-140),110,overload,156.51666666666668,1,20250929,69,BLK_69S,9,베이35A 론지용접,7,2025-09-29 21:48:07,2025-09-29 22:14:18,26.2,35A,베이35A,raw,
b110_overload_r1,Proposed,Medium (81-140),110,overload,156.51666666666668,1,20250929,69,BLK_69S,9,베이35A 수정,8,2025-09-29 22:14:18,2025-09-29 23:03:21,49.1,35A,베이35A,raw,
b110_overload_r1,Proposed,Medium (81-140),110,overload,156.51666666666668,1,20250929,31,BLK_31P,10,판계,1,2025-09-29 12:29:30,2025-09-29 13:02:30,33.0,,공통,raw,
b110_overload_r1,Proposed,Medium (81-140),110,overload,156.51666666666668,1,20250929,31,BLK_31P,10,전면SAW,2,2025-09-29 17:30:11,2025-09-29 18:04:28,34.3,,공통,raw,
b110_overload_r1,Proposed,Medium (81-140),110,overload,156.51666666666668,1,20250929,31,BLK_31P,10,TurnOver,3,2025-09-29 18:04:28,2025-09-29 18:17:40,13.2,,공통,raw,
b110_overload_r1,Proposed,Medium (81-140),110,overload,156.51666666666668,1,20250929,31,BLK_31P,10,후면SAW,4,2025-09-29 18:34:01,2025-09-29 18:55:53,21.9,,공통,raw,
b110_overload_r1,Proposed,Medium (81-140),110,overload,156.51666666666668,1,20250929,31,BLK_31P,10,NC,5,2025-09-29 20:27:49,2025-09-29 21:14:25,46.6,,공통,raw,
b110_overload_r1,Proposed,Medium (81-140),110,overload,156.51666666666668,1,20250929,31,BLK_31P,10,베이36B 론지취부,6,2025-09-29 21:28:13,2025-09-29 22:44:40,76.5,36B,베이36B,raw,
b110_overload_r1,Proposed,Medium (81-140),110,overload,156.51666666666668,1,20250929,31,BLK_31P,10,베이36B 론지용접,7,2025-09-29 22:44:40,2025-09-29 23:10:11,25.5,36B,베이36B,raw,
b110_overload_r1,Proposed,Medium (81-140),110,overload,156.51666666666668,1,20250929,31,BLK_31P,10,베이36B 수정,8,2025-09-29 23:10:11,2025-09-29 23:56:50,46.6,36B,베이36B,raw,
b110_overload_r1,Proposed,Medium (81-140),110,overload,156.51666666666668,1,20250929,100,BLK_100C,11,판계,1,2025-09-29 13:02:30,2025-09-29 13:35:30,33.0,,공통,raw,
b110_overload_r1,Proposed,Medium (81-140),110,overload,156.51666666666668,1,20250929,100,BLK_100C,11,전면SAW,2,2025-09-29 18:04:28,2025-09-29 18:43:32,39.1,,공통,raw,
b110_overload_r1,Proposed,Medium (81-140),110,overload,156.51666666666668,1,20250929,100,BLK_100C,11,TurnOver,3,2025-09-29 18:43:32,2025-09-29 18:56:44,13.2,,공통,raw,
b110_overload_r1,Proposed,Medium (81-140),110,overload,156.51666666666668,1,20250929,100,BLK_100C,11,후면SAW,4,2025-09-29 18:56:44,2025-09-29 19:24:55,28.2,,공통,raw,
b110_overload_r1,Proposed,Medium (81-140),110,overload,156.51666666666668,1,20250929,100,BLK_100C,11,NC,5,2025-09-29 21:14:25,2025-09-29 21:54:59,40.6,,공통,raw,
b110_overload_r1,Proposed,Medium (81-140),110,overload,156.51666666666668,1,20250929,100,BLK_100C,11,베이35A 론지취부,6,2025-09-29 21:54:59,2025-09-29 22:52:11,57.2,35A,베이35A,raw,
b110_overload_r1,Proposed,Medium (81-140),110,overload,156.51666666666668,1,20250929,100,BLK_100C,11,베이35A 론지용접,7,2025-09-29 22:52:11,2025-09-29 23:14:24,22.2,35A,베이35A,raw,
b110_overload_r1,Proposed,Medium (81-140),110,overload,156.51666666666668,1,20250929,100,BLK_100C,11,베이35A 수정,8,2025-09-29 23:14:24,2025-09-29 23:48:56,34.5,35A,베이35A,raw,
b110_overload_r1,Proposed,Medium (81-140),110,overload,156.51666666666668,1,20250929,36,BLK_36P,12,판계,1,2025-09-29 13:35:30,2025-09-29 14:25:00,49.5,,공통,raw,
b110_overload_r1,Proposed,Medium (81-140),110,overload,156.51666666666668,1,20250929,36,BLK_36P,12,전면SAW,2,2025-09-29 18:43:32,2025-09-29 19:23:29,39.9,,공통,raw,
b110_overload_r1,Proposed,Medium (81-140),110,overload,156.51666666666668,1,20250929,36,BLK_36P,12,TurnOver,3,2025-09-29 19:23:29,2025-09-29 19:36:41,13.2,,공통,raw,
b110_overload_r1,Proposed,Medium (81-140),110,overload,156.51666666666668,1,20250929,36,BLK_36P,12,후면SAW,4,2025-09-29 19:36:41,2025-09-29 20:06:00,29.3,,공통,raw,
b110_overload_r1,Proposed,Medium (81-140),110,overload,156.51666666666668,1,20250929,36,BLK_36P,12,NC,5,2025-09-29 21:54:59,2025-09-29 22:50:52,55.9,,공통,raw,
b110_overload_r1,Proposed,Medium (81-140),110,overload,156.51666666666668,1,20250929,36,BLK_36P,12,베이36B 론지취부,6,2025-09-29 22:50:52,2025-09-30 00:11:10,80.3,36B,베이36B,raw,
b110_overload_r1,Proposed,Medium (81-140),110,overload,156.51666666666668,1,20250929,36,BLK_36P,12,베이36B 론지용접,7,2025-09-30 00:11:10,2025-09-30 00:37:21,26.2,36B,베이36B,raw,
b110_overload_r1,Proposed,Medium (81-140),110,overload,156.51666666666668,1,20250929,36,BLK_36P,12,베이36B 수정,8,2025-09-30 00:37:21,2025-09-30 01:26:25,49.1,36B,베이36B,raw,
b110_overload_r1,Proposed,Medium (81-140),110,overload,156.51666666666668,1,20250929,89,BLK_89C,13,판계,1,2025-09-29 14:25:00,2025-09-29 14:52:30,27.5,,공통,raw,
b110_overload_r1,Proposed,Medium (81-140),110,overload,156.51666666666668,1,20250929,89,BLK_89C,13,전면SAW,2,2025-09-29 19:23:29,2025-09-29 19:56:38,33.2,,공통,raw,
b110_overload_r1,Proposed,Medium (81-140),110,overload,156.51666666666668,1,20250929,89,BLK_89C,13,TurnOver,3,2025-09-29 19:56:38,2025-09-29 20:09:50,13.2,,공통,raw,
b110_overload_r1,Proposed,Medium (81-140),110,overload,156.51666666666668,1,20250929,89,BLK_89C,13,후면SAW,4,2025-09-29 20:09:50,2025-09-29 20:30:13,20.4,,공통,raw,
b110_overload_r1,Proposed,Medium (81-140),110,overload,156.51666666666668,1,20250929,89,BLK_89C,13,NC,5,2025-09-29 22:50:52,2025-09-29 23:25:56,35.1,,공통,raw,
b110_overload_r1,Proposed,Medium (81-140),110,overload,156.51666666666668,1,20250929,89,BLK_89C,13,베이35A 론지취부,6,2025-09-29 23:25:56,2025-09-30 00:15:26,49.5,35A,베이35A,raw,
b110_overload_r1,Proposed,Medium (81-140),110,overload,156.51666666666668,1,20250929,89,BLK_89C,13,베이35A 론지용접,7,2025-09-30 00:15:26,2025-09-30 00:36:20,20.9,35A,베이35A,raw,
b110_overload_r1,Proposed,Medium (81-140),110,overload,156.51666666666668,1,20250929,89,BLK_89C,13,베이35A 수정,8,2025-09-30 00:36:20,2025-09-30 01:06:02,29.7,35A,베이35A,raw,
b110_overload_r1,Proposed,Medium (81-140),110,overload,156.51666666666668,1,20250929,106,BLK_101S,14,판계,1,2025-09-29 14:52:30,2025-09-29 15:05:42,13.2,,공통,raw,
b110_overload_r1,Proposed,Medium (81-140),110,overload,156.51666666666668,1,20250929,106,BLK_101S,14,전면SAW,2,2025-09-29 19:56:38,2025-09-29 20:45:26,48.8,,공통,raw,
b110_overload_r1,Proposed,Medium (81-140),110,overload,156.51666666666668,1,20250929,106,BLK_101S,14,TurnOver,3,2025-09-29 20:45:26,2025-09-29 20:58:38,13.2,,공통,raw,
b110_overload_r1,Proposed,Medium (81-140),110,overload,156.51666666666668,1,20250929,106,BLK_101S,14,후면SAW,4,2025-09-29 20:58:38,2025-09-29 21:39:37,41.0,,공통,raw,
b110_overload_r1,Proposed,Medium (81-140),110,overload,156.51666666666668,1,20250929,106,BLK_101S,14,NC,5,2025-09-29 23:25:56,2025-09-29 23:49:18,23.4,,공통,raw,
b110_overload_r1,Proposed,Medium (81-140),110,overload,156.51666666666668,1,20250929,106,BLK_101S,14,베이36B 론지취부,6,2025-09-30 00:11:10,2025-09-30 00:49:07,38.0,36B,베이36B,raw,
b110_overload_r1,Proposed,Medium (81-140),110,overload,156.51666666666668,1,20250929,106,BLK_101S,14,베이36B 론지용접,7,2025-09-30 00:49:07,2025-09-30 01:03:38,14.5,36B,베이36B,raw,
b110_overload_r1,Proposed,Medium (81-140),110,overload,156.51666666666668,1,20250929,106,BLK_101S,14,베이36B 수정,8,2025-09-30 01:26:25,2025-09-30 01:48:51,22.4,36B,베이36B,raw,
b110_overload_r1,Proposed,Medium (81-140),110,overload,156.51666666666668,1,20250929,71,BLK_71P,15,판계,1,2025-09-29 15:05:42,2025-09-29 15:38:42,33.0,,공통,raw,
b110_overload_r1,Proposed,Medium (81-140),110,overload,156.51666666666668,1,20250929,71,BLK_71P,15,전면SAW,2,2025-09-29 20:45:26,2025-09-29 21:18:24,33.0,,공통,raw,
b110_overload_r1,Proposed,Medium (81-140),110,overload,156.51666666666668,1,20250929,71,BLK_71P,15,TurnOver,3,2025-09-29 21:18:24,2025-09-29 21:31:36,13.2,,공통,raw,
b110_overload_r1,Proposed,Medium (81-140),110,overload,156.51666666666668,1,20250929,71,BLK_71P,15,후면SAW,4,2025-09-29 21:39:37,2025-09-29 21:59:46,20.2,,공통,raw,
b110_overload_r1,Proposed,Medium (81-140),110,overload,156.51666666666668,1,20250929,71,BLK_71P,15,NC,5,2025-09-29 23:49:18,2025-09-30 00:39:11,49.9,,공통,raw,
b110_overload_r1,Proposed,Medium (81-140),110,overload,156.51666666666668,1,20250929,71,BLK_71P,15,베이35A 론지취부,6,2025-09-30 00:39:11,2025-09-30 02:11:02,91.9,35A,베이35A,raw,
b110_overload_r1,Proposed,Medium (81-140),110,overload,156.51666666666668,1,20250929,71,BLK_71P,15,베이35A 론지용접,7,2025-09-30 02:11:02,2025-09-30 02:39:11,28.2,35A,베이35A,raw,
b110_overload_r1,Proposed,Medium (81-140),110,overload,156.51666666666668,1,20250929,71,BLK_71P,15,베이35A 수정,8,2025-09-30 02:39:11,2025-09-30 03:35:30,56.3,35A,베이35A,raw,
b110_overload_r1,Proposed,Medium (81-140),110,overload,156.51666666666668,1,20250929,94,BLK_94C,16,판계,1,2025-09-29 15:38:42,2025-09-29 16:00:42,22.0,,공통,raw,
b110_overload_r1,Proposed,Medium (81-140),110,overload,156.51666666666668,1,20250929,94,BLK_94C,16,전면SAW,2,2025-09-29 21:18:24,2025-09-29 21:52:57,34.5,,공통,raw,
b110_overload_r1,Proposed,Medium (81-140),110,overload,156.51666666666668,1,20250929,94,BLK_94C,16,TurnOver,3,2025-09-29 21:52:57,2025-09-29 22:06:09,13.2,,공통,raw,
b110_overload_r1,Proposed,Medium (81-140),110,overload,156.51666666666668,1,20250929,94,BLK_94C,16,후면SAW,4,2025-09-29 22:06:09,2025-09-29 22:28:21,22.2,,공통,raw,
b110_overload_r1,Proposed,Medium (81-140),110,overload,156.51666666666668,1,20250929,94,BLK_94C,16,NC,5,2025-09-30 00:39:11,2025-09-30 01:07:04,27.9,,공통,raw,
b110_overload_r1,Proposed,Medium (81-140),110,overload,156.51666666666668,1,20250929,94,BLK_94C,16,베이36B 론지취부,6,2025-09-30 01:07:04,2025-09-30 01:48:52,41.8,36B,베이36B,raw,
b110_overload_r1,Proposed,Medium (81-140),110,overload,156.51666666666668,1,20250929,94,BLK_94C,16,베이36B 론지용접,7,2025-09-30 01:48:52,2025-09-30 02:04:03,15.2,36B,베이36B,raw,
b110_overload_r1,Proposed,Medium (81-140),110,overload,156.51666666666668,1,20250929,94,BLK_94C,16,베이36B 수정,8,2025-09-30 02:04:03,2025-09-30 02:28:55,24.9,36B,베이36B,raw,
b110_overload_r1,Proposed,Medium (81-140),110,overload,156.51666666666668,1,20250929,23,BLK_23C,17,판계,1,2025-09-29 16:00:42,2025-09-29 16:13:54,13.2,,공통,raw,
b110_overload_r1,Proposed,Medium (81-140),110,overload,156.51666666666668,1,20250929,23,BLK_23C,17,전면SAW,2,2025-09-29 21:52:57,2025-09-29 22:38:01,45.1,,공통,raw,
b110_overload_r1,Proposed,Medium (81-140),110,overload,156.51666666666668,1,20250929,23,BLK_23C,17,TurnOver,3,2025-09-29 22:38:01,2025-09-29 22:51:13,13.2,,공통,raw,
b110_overload_r1,Proposed,Medium (81-140),110,overload,156.51666666666668,1,20250929,23,BLK_23C,17,후면SAW,4,2025-09-29 22:51:13,2025-09-29 23:27:17,36.1,,공통,raw,
b110_overload_r1,Proposed,Medium (81-140),110,overload,156.51666666666668,1,20250929,23,BLK_23C,17,NC,5,2025-09-30 01:07:04,2025-09-30 01:30:07,23.0,,공통,raw,
b110_overload_r1,Proposed,Medium (81-140),110,overload,156.51666666666668,1,20250929,23,BLK_23C,17,베이35A 론지취부,6,2025-09-30 02:11:02,2025-09-30 02:33:35,22.6,35A,베이35A,raw,
b110_overload_r1,Proposed,Medium (81-140),110,overload,156.51666666666668,1,20250929,23,BLK_23C,17,베이35A 론지용접,7,2025-09-30 02:39:11,2025-09-30 02:51:04,11.9,35A,베이35A,raw,
b110_overload_r1,Proposed,Medium (81-140),110,overload,156.51666666666668,1,20250929,23,BLK_23C,17,베이35A 수정,8,2025-09-30 03:35:30,2025-09-30 03:48:16,12.8,35A,베이35A,raw,
b110_overload_r1,Proposed,Medium (81-140),110,overload,156.51666666666668,1,20250929,77,BLK_77C,18,판계,1,2025-09-29 16:13:54,2025-09-29 16:41:24,27.5,,공통,raw,
b110_overload_r1,Proposed,Medium (81-140),110,overload,156.51666666666668,1,20250929,77,BLK_77C,18,전면SAW,2,2025-09-29 22:38:01,2025-09-29 23:14:33,36.5,,공통,raw,
b110_overload_r1,Proposed,Medium (81-140),110,overload,156.51666666666668,1,20250929,77,BLK_77C,18,TurnOver,3,2025-09-29 23:14:33,2025-09-29 23:27:45,13.2,,공통,raw,
b110_overload_r1,Proposed,Medium (81-140),110,overload,156.51666666666668,1,20250929,77,BLK_77C,18,후면SAW,4,2025-09-29 23:27:45,2025-09-29 23:52:35,24.8,,공통,raw,
b110_overload_r1,Proposed,Medium (81-140),110,overload,156.51666666666668,1,20250929,77,BLK_77C,18,NC,5,2025-09-30 01:30:07,2025-09-30 02:06:51,36.7,,공통,raw,
b110_overload_r1,Proposed,Medium (81-140),110,overload,156.51666666666668,1,20250929,77,BLK_77C,18,베이36B 론지취부,6,2025-09-30 02:06:51,2025-09-30 03:11:45,64.9,36B,베이36B,raw,
b110_overload_r1,Proposed,Medium (81-140),110,overload,156.51666666666668,1,20250929,77,BLK_77C,18,베이36B 론지용접,7,2025-09-30 03:11:45,2025-09-30 03:35:18,23.5,36B,베이36B,raw,
b110_overload_r1,Proposed,Medium (81-140),110,overload,156.51666666666668,1,20250929,77,BLK_77C,18,베이36B 수정,8,2025-09-30 03:35:18,2025-09-30 04:14:41,39.4,36B,베이36B,raw,
b110_overload_r1,Proposed,Medium (81-140),110,overload,156.51666666666668,1,20250929,97,BLK_97C,19,판계,1,2025-09-29 16:41:24,2025-09-29 17:08:54,27.5,,공통,raw,
b110_overload_r1,Proposed,Medium (81-140),110,overload,156.51666666666668,1,20250929,97,BLK_97C,19,전면SAW,2,2025-09-29 23:14:33,2025-09-29 23:49:53,35.3,,공통,raw,
b110_overload_r1,Proposed,Medium (81-140),110,overload,156.51666666666668,1,20250929,97,BLK_97C,19,TurnOver,3,2025-09-29 23:49:53,2025-09-30 00:03:05,13.2,,공통,raw,
b110_overload_r1,Proposed,Medium (81-140),110,overload,156.51666666666668,1,20250929,97,BLK_97C,19,후면SAW,4,2025-09-30 00:03:05,2025-09-30 00:26:21,23.3,,공통,raw,
b110_overload_r1,Proposed,Medium (81-140),110,overload,156.51666666666668,1,20250929,97,BLK_97C,19,NC,5,2025-09-30 02:06:51,2025-09-30 02:44:50,38.0,,공통,raw,
b110_overload_r1,Proposed,Medium (81-140),110,overload,156.51666666666668,1,20250929,97,BLK_97C,19,베이35A 론지취부,6,2025-09-30 02:44:50,2025-09-30 03:30:29,45.7,35A,베이35A,raw,
b110_overload_r1,Proposed,Medium (81-140),110,overload,156.51666666666668,1,20250929,97,BLK_97C,19,베이35A 론지용접,7,2025-09-30 03:30:29,2025-09-30 03:50:43,20.2,35A,베이35A,raw,
b110_overload_r1,Proposed,Medium (81-140),110,overload,156.51666666666668,1,20250929,97,BLK_97C,19,베이35A 수정,8,2025-09-30 03:50:43,2025-09-30 04:18:00,27.3,35A,베이35A,raw,
b110_overload_r1,Proposed,Medium (81-140),110,overload,156.51666666666668,1,20250929,98,BLK_98P,20,판계,1,2025-09-29 17:08:54,2025-09-29 17:36:24,27.5,,공통,raw,
b110_overload_r1,Proposed,Medium (81-140),110,overload,156.51666666666668,1,20250929,98,BLK_98P,20,전면SAW,2,2025-09-29 23:49:53,2025-09-30 00:32:29,42.6,,공통,raw,
b110_overload_r1,Proposed,Medium (81-140),110,overload,156.51666666666668,1,20250929,98,BLK_98P,20,TurnOver,3,2025-09-30 00:32:29,2025-09-30 00:45:41,13.2,,공통,raw,
b110_overload_r1,Proposed,Medium (81-140),110,overload,156.51666666666668,1,20250929,98,BLK_98P,20,후면SAW,4,2025-09-30 00:45:41,2025-09-30 01:18:29,32.8,,공통,raw,
b110_overload_r1,Proposed,Medium (81-140),110,overload,156.51666666666668,1,20250929,98,BLK_98P,20,NC,5,2025-09-30 02:44:50,2025-09-30 03:29:36,44.8,,공통,raw,
b110_overload_r1,Proposed,Medium (81-140),110,overload,156.51666666666668,1,20250929,98,BLK_98P,20,베이36B 론지취부,6,2025-09-30 03:29:36,2025-09-30 05:13:00,103.4,36B,베이36B,raw,
b110_overload_r1,Proposed,Medium (81-140),110,overload,156.51666666666668,1,20250929,98,BLK_98P,20,베이36B 론지용접,7,2025-09-30 05:13:00,2025-09-30 05:43:08,30.1,36B,베이36B,raw,
b110_overload_r1,Proposed,Medium (81-140),110,overload,156.51666666666668,1,20250929,98,BLK_98P,20,베이36B 수정,8,2025-09-30 05:43:08,2025-09-30 06:46:43,63.6,36B,베이36B,raw,
b110_overload_r1,Proposed,Medium (81-140),110,overload,156.51666666666668,1,20250930,81,BLK_81C,1,판계,1,2025-09-30 08:00:00,2025-09-30 08:49:30,49.5,,공통,raw,
b110_overload_r1,Proposed,Medium (81-140),110,overload,156.51666666666668,1,20250930,81,BLK_81C,1,전면SAW,2,2025-09-30 08:49:30,2025-09-30 12:18:30,209.0,,공통,raw,
b110_overload_r1,Proposed,Medium (81-140),110,overload,156.51666666666668,1,20250930,81,BLK_81C,1,TurnOver,3,2025-09-30 12:18:30,2025-09-30 12:31:42,13.2,,공통,raw,
b110_overload_r1,Proposed,Medium (81-140),110,overload,156.51666666666668,1,20250930,81,BLK_81C,1,후면SAW,4,2025-09-30 12:31:42,2025-09-30 15:28:40,177.0,,공통,raw,
b110_overload_r1,Proposed,Medium (81-140),110,overload,156.51666666666668,1,20250930,81,BLK_81C,1,NC,5,2025-09-30 15:28:40,2025-09-30 16:31:37,63.0,,공통,raw,
b110_overload_r1,Proposed,Medium (81-140),110,overload,156.51666666666668,1,20250930,81,BLK_81C,1,베이35A 론지취부,6,2025-09-30 16:31:37,2025-09-30 18:03:28,91.9,35A,베이35A,raw,
b110_overload_r1,Proposed,Medium (81-140),110,overload,156.51666666666668,1,20250930,81,BLK_81C,1,베이35A 론지용접,7,2025-09-30 18:03:28,2025-09-30 18:31:37,28.2,35A,베이35A,raw,
b110_overload_r1,Proposed,Medium (81-140),110,overload,156.51666666666668,1,20250930,81,BLK_81C,1,베이35A 수정,8,2025-09-30 18:31:37,2025-09-30 19:27:57,56.3,35A,베이35A,raw,
b110_overload_r1,Proposed,Medium (81-140),110,overload,156.51666666666668,1,20250930,48,BLK_48C,2,판계,1,2025-09-30 08:49:30,2025-09-30 09:22:30,33.0,,공통,raw,
b110_overload_r1,Proposed,Medium (81-140),110,overload,156.51666666666668,1,20250930,48,BLK_48C,2,전면SAW,2,2025-09-30 12:18:30,2025-09-30 14:28:11,129.7,,공통,raw,
b110_overload_r1,Proposed,Medium (81-140),110,overload,156.51666666666668,1,20250930,48,BLK_48C,2,TurnOver,3,2025-09-30 14:28:11,2025-09-30 14:41:23,13.2,,공통,raw,
b110_overload_r1,Proposed,Medium (81-140),110,overload,156.51666666666668,1,20250930,48,BLK_48C,2,후면SAW,4,2025-09-30 15:28:40,2025-09-30 17:40:05,131.4,,공통,raw,
b110_overload_r1,Proposed,Medium (81-140),110,overload,156.51666666666668,1,20250930,48,BLK_48C,2,NC,5,2025-09-30 17:40:05,2025-09-30 18:37:28,57.4,,공통,raw,
b110_overload_r1,Proposed,Medium (81-140),110,overload,156.51666666666668,1,20250930,48,BLK_48C,2,베이36B 론지취부,6,2025-09-30 18:37:28,2025-09-30 20:20:52,103.4,36B,베이36B,raw,
b110_overload_r1,Proposed,Medium (81-140),110,overload,156.51666666666668,1,20250930,48,BLK_48C,2,베이36B 론지용접,7,2025-09-30 20:20:52,2025-09-30 20:51:01,30.1,36B,베이36B,raw,
b110_overload_r1,Proposed,Medium (81-140),110,overload,156.51666666666668,1,20250930,48,BLK_48C,2,베이36B 수정,8,2025-09-30 20:51:01,2025-09-30 21:54:36,63.6,36B,베이36B,raw,
b110_overload_r1,Proposed,Medium (81-140),110,overload,156.51666666666668,1,20250930,27,BLK_27S,3,판계,1,2025-09-30 09:22:30,2025-09-30 10:06:30,44.0,,공통,raw,
b110_overload_r1,Proposed,Medium (81-140),110,overload,156.51666666666668,1,20250930,27,BLK_27S,3,전면SAW,2,2025-09-30 14:28:11,2025-09-30 17:57:11,209.0,,공통,raw,
b110_overload_r1,Proposed,Medium (81-140),110,overload,156.51666666666668,1,20250930,27,BLK_27S,3,TurnOver,3,2025-09-30 17:57:11,2025-09-30 18:10:23,13.2,,공통,raw,
b110_overload_r1,Proposed,Medium (81-140),110,overload,156.51666666666668,1,20250930,27,BLK_27S,3,후면SAW,4,2025-09-30 18:10:23,2025-09-30 21:11:53,181.5,,공통,raw,
b110_overload_r1,Proposed,Medium (81-140),110,overload,156.51666666666668,1,20250930,27,BLK_27S,3,NC,5,2025-09-30 21:11:53,2025-09-30 22:08:02,56.2,,공통,raw,
b110_overload_r1,Proposed,Medium (81-140),110,overload,156.51666666666668,1,20250930,27,BLK_27S,3,베이35A 론지취부,6,2025-09-30 22:08:02,2025-09-30 23:36:02,88.0,35A,베이35A,raw,
b110_overload_r1,Proposed,Medium (81-140),110,overload,156.51666666666668,1,20250930,27,BLK_27S,3,베이35A 론지용접,7,2025-09-30 23:36:02,2025-10-01 00:03:32,27.5,35A,베이35A,raw,
b110_overload_r1,Proposed,Medium (81-140),110,overload,156.51666666666668,1,20250930,27,BLK_27S,3,베이35A 수정,8,2025-10-01 00:03:32,2025-10-01 00:57:26,53.9,35A,베이35A,raw,
b110_overload_r1,Proposed,Medium (81-140),110,overload,156.51666666666668,1,20250930,91,BLK_91C,4,판계,1,2025-09-30 10:06:30,2025-09-30 10:56:00,49.5,,공통,raw,
b110_overload_r1,Proposed,Medium (81-140),110,overload,156.51666666666668,1,20250930,91,BLK_91C,4,전면SAW,2,2025-09-30 17:57:11,2025-09-30 20:55:06,177.9,,공통,raw,
b110_overload_r1,Proposed,Medium (81-140),110,overload,156.51666666666668,1,20250930,91,BLK_91C,4,TurnOver,3,2025-09-30 20:55:06,2025-09-30 21:08:18,13.2,,공통,raw,
b110_overload_r1,Proposed,Medium (81-140),110,overload,156.51666666666668,1,20250930,91,BLK_91C,4,후면SAW,4,2025-09-30 21:11:53,2025-09-30 23:47:02,155.1,,공통,raw,
b110_overload_r1,Proposed,Medium (81-140),110,overload,156.51666666666668,1,20250930,91,BLK_91C,4,NC,5,2025-09-30 23:47:02,2025-10-01 00:43:42,56.7,,공통,raw,
b110_overload_r1,Proposed,Medium (81-140),110,overload,156.51666666666668,1,20250930,91,BLK_91C,4,베이36B 론지취부,6,2025-10-01 00:43:42,2025-10-01 02:15:33,91.9,36B,베이36B,raw,
b110_overload_r1,Proposed,Medium (81-140),110,overload,156.51666666666668,1,20250930,91,BLK_91C,4,베이36B 론지용접,7,2025-10-01 02:15:33,2025-10-01 02:43:42,28.2,36B,베이36B,raw,
b110_overload_r1,Proposed,Medium (81-140),110,overload,156.51666666666668,1,20250930,91,BLK_91C,4,베이36B 수정,8,2025-10-01 02:43:42,2025-10-01 03:40:02,56.3,36B,베이36B,raw,
b110_overload_r1,Proposed,Medium (81-140),110,overload,156.51666666666668,1,20250930,102,BLK_102P,5,판계,1,2025-09-30 10:56:00,2025-09-30 11:29:00,33.0,,공통,raw,
b110_overload_r1,Proposed,Medium (81-140),110,overload,156.51666666666668,1,20250930,102,BLK_102P,5,전면SAW,2,2025-09-30 20:55:06,2025-10-01 00:04:05,189.0,,공통,raw,
b110_overload_r1,Proposed,Medium (81-140),110,overload,156.51666666666668,1,20250930,102,BLK_102P,5,TurnOver,3,2025-10-01 00:04:05,2025-10-01 00:17:17,13.2,,공통,raw,
b110_overload_r1,Proposed,Medium (81-140),110,overload,156.51666666666668,1,20250930,102,BLK_102P,5,후면SAW,4,2025-10-01 00:17:17,2025-10-01 02:37:36,140.3,,공통,raw,
b110_overload_r1,Proposed,Medium (81-140),110,overload,156.51666666666668,1,20250930,102,BLK_102P,5,NC,5,2025-10-01 02:37:36,2025-10-01 03:42:44,65.1,,공통,raw,
b110_overload_r1,Proposed,Medium (81-140),110,overload,156.51666666666668,1,20250930,102,BLK_102P,5,베이35A 론지취부,6,2025-10-01 03:42:44,2025-10-01 05:03:02,80.3,35A,베이35A,raw,
b110_overload_r1,Proposed,Medium (81-140),110,overload,156.51666666666668,1,20250930,102,BLK_102P,5,베이35A 론지용접,7,2025-10-01 05:03:02,2025-10-01 05:29:13,26.2,35A,베이35A,raw,
b110_overload_r1,Proposed,Medium (81-140),110,overload,156.51666666666668,1,20250930,102,BLK_102P,5,베이35A 수정,8,2025-10-01 05:29:13,2025-10-01 06:18:16,49.1,35A,베이35A,raw,
b110_overload_r1,Proposed,Medium (81-140),110,overload,156.51666666666668,1,20250930,68,BLK_68P,6,판계,1,2025-09-30 11:29:00,2025-09-30 12:11:54,42.9,,공통,raw,
b110_overload_r1,Proposed,Medium (81-140),110,overload,156.51666666666668,1,20250930,68,BLK_68P,6,전면SAW,2,2025-10-01 00:04:05,2025-10-01 03:25:20,201.3,,공통,raw,
b110_overload_r1,Proposed,Medium (81-140),110,overload,156.51666666666668,1,20250930,68,BLK_68P,6,TurnOver,3,2025-10-01 03:25:20,2025-10-01 03:38:32,13.2,,공통,raw,
b110_overload_r1,Proposed,Medium (81-140),110,overload,156.51666666666668,1,20250930,68,BLK_68P,6,후면SAW,4,2025-10-01 03:38:32,2025-10-01 06:10:01,151.5,,공통,raw,
b110_overload_r1,Proposed,Medium (81-140),110,overload,156.51666666666668,1,20250930,68,BLK_68P,6,NC,5,2025-10-01 06:10:01,2025-10-01 07:03:22,53.3,,공통,raw,
b110_overload_r1,Proposed,Medium (81-140),110,overload,156.51666666666668,1,20250930,68,BLK_68P,6,베이36B 론지취부,6,2025-10-01 07:03:22,2025-10-01 07:56:43,53.4,36B,베이36B,raw,
b110_overload_r1,Proposed,Medium (81-140),110,overload,156.51666666666668,1,20250930,68,BLK_68P,6,베이36B 론지용접,7,2025-10-01 07:56:43,2025-10-01 08:18:16,21.6,36B,베이36B,raw,
b110_overload_r1,Proposed,Medium (81-140),110,overload,156.51666666666668,1,20250930,68,BLK_68P,6,베이36B 수정,8,2025-10-01 08:18:16,2025-10-01 08:50:24,32.1,36B,베이36B,raw,
b110_overload_r1,Proposed,Medium (81-140),110,overload,156.51666666666668,1,20250930,79,BLK_79C,7,판계,1,2025-09-30 12:11:54,2025-09-30 12:48:12,36.3,,공통,raw,
b110_overload_r1,Proposed,Medium (81-140),110,overload,156.51666666666668,1,20250930,79,BLK_79C,7,전면SAW,2,2025-10-01 03:25:20,2025-10-01 05:44:53,139.6,,공통,raw,
b110_overload_r1,Proposed,Medium (81-140),110,overload,156.51666666666668,1,20250930,79,BLK_79C,7,TurnOver,3,2025-10-01 05:44:53,2025-10-01 05:58:05,13.2,,공통,raw,
b110_overload_r1,Proposed,Medium (81-140),110,overload,156.51666666666668,1,20250930,79,BLK_79C,7,후면SAW,4,2025-10-01 06:10:01,2025-10-01 08:03:48,113.8,,공통,raw,
b110_overload_r1,Proposed,Medium (81-140),110,overload,156.51666666666668,1,20250930,79,BLK_79C,7,NC,5,2025-10-01 08:03:48,2025-10-01 08:52:09,48.3,,공통,raw,
b110_overload_r1,Proposed,Medium (81-140),110,overload,156.51666666666668,1,20250930,79,BLK_79C,7,베이35A 론지취부,6,2025-10-01 08:52:09,2025-10-01 10:43:15,111.1,35A,베이35A,raw,
b110_overload_r1,Proposed,Medium (81-140),110,overload,156.51666666666668,1,20250930,79,BLK_79C,7,베이35A 론지용접,7,2025-10-01 10:43:15,2025-10-01 11:14:42,31.5,35A,베이35A,raw,
b110_overload_r1,Proposed,Medium (81-140),110,overload,156.51666666666668,1,20250930,79,BLK_79C,7,베이35A 수정,8,2025-10-01 11:14:42,2025-10-01 12:23:07,68.4,35A,베이35A,raw,
b110_overload_r1,Proposed,Medium (81-140),110,overload,156.51666666666668,1,20250930,86,BLK_86S,8,판계,1,2025-09-30 12:48:12,2025-09-30 13:37:42,49.5,,공통,raw,
b110_overload_r1,Proposed,Medium (81-140),110,overload,156.51666666666668,1,20250930,86,BLK_86S,8,전면SAW,2,2025-10-01 05:44:53,2025-10-01 07:30:46,105.9,,공통,raw,
b110_overload_r1,Proposed,Medium (81-140),110,overload,156.51666666666668,1,20250930,86,BLK_86S,8,TurnOver,3,2025-10-01 07:30:46,2025-10-01 07:43:58,13.2,,공통,raw,
b110_overload_r1,Proposed,Medium (81-140),110,overload,156.51666666666668,1,20250930,86,BLK_86S,8,후면SAW,4,2025-10-01 08:03:48,2025-10-01 09:47:28,103.7,,공통,raw,
b110_overload_r1,Proposed,Medium (81-140),110,overload,156.51666666666668,1,20250930,86,BLK_86S,8,NC,5,2025-10-01 09:47:28,2025-10-01 10:51:09,63.7,,공통,raw,
b110_overload_r1,Proposed,Medium (81-140),110,overload,156.51666666666668,1,20250930,86,BLK_86S,8,베이36B 론지취부,6,2025-10-01 10:51:09,2025-10-01 12:53:48,122.7,36B,베이36B,raw,
b110_overload_r1,Proposed,Medium (81-140),110,overload,156.51666666666668,1,20250930,86,BLK_86S,8,베이36B 론지용접,7,2025-10-01 12:53:48,2025-10-01 13:27:14,33.4,36B,베이36B,raw,
b110_overload_r1,Proposed,Medium (81-140),110,overload,156.51666666666668,1,20250930,86,BLK_86S,8,베이36B 수정,8,2025-10-01 13:27:14,2025-10-01 14:42:55,75.7,36B,베이36B,raw,
b110_overload_r1,Proposed,Medium (81-140),110,overload,156.51666666666668,1,20250924,109,BLK_2S,4,판계,1,2025-09-24 09:55:30,2025-09-24 10:17:30,22.0,,공통,inferred_subassembly_member,2
b110_overload_r1,Proposed,Medium (81-140),110,overload,156.51666666666668,1,20250924,109,BLK_2S,4,전면SAW,2,2025-09-24 15:27:26,2025-09-24 17:27:55,120.5,,공통,inferred_subassembly_member,2
b110_overload_r1,Proposed,Medium (81-140),110,overload,156.51666666666668,1,20250924,109,BLK_2S,4,TurnOver,3,2025-09-24 17:27:55,2025-09-24 17:41:07,13.2,,공통,inferred_subassembly_member,2
b110_overload_r1,Proposed,Medium (81-140),110,overload,156.51666666666668,1,20250924,109,BLK_2S,4,후면SAW,4,2025-09-24 18:33:27,2025-09-24 20:09:49,96.4,,공통,inferred_subassembly_member,2
b110_overload_r1,Proposed,Medium (81-140),110,overload,156.51666666666668,1,20250924,109,BLK_2S,4,NC,5,2025-09-24 20:09:49,2025-09-24 20:38:23,28.6,,공통,inferred_subassembly_member,2
b110_overload_r1,Proposed,Medium (81-140),110,overload,156.51666666666668,1,20250924,109,BLK_2S,4,베이36B 론지취부,6,2025-09-24 20:38:23,2025-09-24 21:24:02,45.7,36B,베이36B,inferred_subassembly_member,2
b110_overload_r1,Proposed,Medium (81-140),110,overload,156.51666666666668,1,20250924,109,BLK_2S,4,베이36B 론지용접,7,2025-09-24 21:24:02,2025-09-24 21:39:53,15.8,36B,베이36B,inferred_subassembly_member,2
b110_overload_r1,Proposed,Medium (81-140),110,overload,156.51666666666668,1,20250924,109,BLK_2S,4,베이36B 수정,8,2025-09-24 21:39:53,2025-09-24 22:07:09,27.3,36B,베이36B,inferred_subassembly_member,2
b110_overload_r1,Proposed,Medium (81-140),110,overload,156.51666666666668,1,20250924,110,BLK_4P,19,판계,1,2025-09-24 17:43:00,2025-09-24 17:56:12,13.2,,공통,inferred_subassembly_member,4
b110_overload_r1,Proposed,Medium (81-140),110,overload,156.51666666666668,1,20250924,110,BLK_4P,19,전면SAW,2,2025-09-25 09:49:03,2025-09-25 10:32:29,43.4,,공통,inferred_subassembly_member,4
b110_overload_r1,Proposed,Medium (81-140),110,overload,156.51666666666668,1,20250924,110,BLK_4P,19,TurnOver,3,2025-09-25 10:32:29,2025-09-25 10:45:41,13.2,,공통,inferred_subassembly_member,4
b110_overload_r1,Proposed,Medium (81-140),110,overload,156.51666666666668,1,20250924,110,BLK_4P,19,후면SAW,4,2025-09-25 11:38:24,2025-09-25 12:12:19,33.9,,공통,inferred_subassembly_member,4
b110_overload_r1,Proposed,Medium (81-140),110,overload,156.51666666666668,1,20250924,110,BLK_4P,19,NC,5,2025-09-25 12:40:59,2025-09-25 13:04:05,23.1,,공통,inferred_subassembly_member,4
b110_overload_r1,Proposed,Medium (81-140),110,overload,156.51666666666668,1,20250924,110,BLK_4P,19,베이36B 론지취부,6,2025-09-25 13:04:05,2025-09-25 13:47:28,43.4,36B,베이36B,inferred_subassembly_member,4
b110_overload_r1,Proposed,Medium (81-140),110,overload,156.51666666666668,1,20250924,110,BLK_4P,19,베이36B 론지용접,7,2025-09-25 13:47:28,2025-09-25 14:09:05,21.6,36B,베이36B,inferred_subassembly_member,4
b110_overload_r1,Proposed,Medium (81-140),110,overload,156.51666666666668,1,20250924,110,BLK_4P,19,베이36B 수정,8,2025-09-25 14:09:05,2025-09-25 14:31:31,22.4,36B,베이36B,inferred_subassembly_member,4
b110_overload_r1,Proposed,Medium (81-140),110,overload,156.51666666666668,1,20250927,108,BLK_44S,56,판계,1,2025-09-27 10:31:48,2025-09-27 11:01:30,29.7,,공통,inferred_subassembly_member,44
b110_overload_r1,Proposed,Medium (81-140),110,overload,156.51666666666668,1,20250927,108,BLK_44S,56,전면SAW,2,2025-09-27 15:12:44,2025-09-27 17:45:04,152.3,,공통,inferred_subassembly_member,44
b110_overload_r1,Proposed,Medium (81-140),110,overload,156.51666666666668,1,20250927,108,BLK_44S,56,TurnOver,3,2025-09-27 17:45:04,2025-09-27 17:58:16,13.2,,공통,inferred_subassembly_member,44
b110_overload_r1,Proposed,Medium (81-140),110,overload,156.51666666666668,1,20250927,108,BLK_44S,56,후면SAW,4,2025-09-27 18:27:26,2025-09-27 20:18:26,111.0,,공통,inferred_subassembly_member,44
b110_overload_r1,Proposed,Medium (81-140),110,overload,156.51666666666668,1,20250927,108,BLK_44S,56,NC,5,2025-09-27 20:18:26,2025-09-27 20:52:28,34.0,,공통,inferred_subassembly_member,44
b110_overload_r1,Proposed,Medium (81-140),110,overload,156.51666666666668,1,20250927,108,BLK_44S,56,베이35A 론지취부,6,2025-09-27 20:52:28,2025-09-27 21:34:16,41.8,35A,베이35A,inferred_subassembly_member,44
b110_overload_r1,Proposed,Medium (81-140),110,overload,156.51666666666668,1,20250927,108,BLK_44S,56,베이35A 론지용접,7,2025-09-27 21:34:16,2025-09-27 21:49:27,15.2,35A,베이35A,inferred_subassembly_member,44
b110_overload_r1,Proposed,Medium (81-140),110,overload,156.51666666666668,1,20250927,108,BLK_44S,56,베이35A 수정,8,2025-09-27 21:49:27,2025-09-27 22:14:18,24.9,35A,베이35A,inferred_subassembly_member,44
