date,am_sequence,block_id,block_name,port_starboard,assembly_type,line_group,assembly_workshop_code,block_assembly_date,width_m,longi_count,seam_count,c_seam_count,has_curved_plate,main_plate_count,original_bay,assigned_bay,bay_changed,total_time_min,material_ready,is_fab,is_draft,is_cross_seam,material_type,is_subassembly,method,plan_date,excel_sequence,violations,violations_raw_count,violations_primary_count,violations_meta_count,violations_info_count,violation_details,violation_severity,constraint_ids,constraint_families,raw_constraint_ids,raw_constraint_families,meta_constraint_ids,meta_constraint_families,meta_details,meta_severity,info_count,info_details,info_constraint_ids,info_constraint_families,info_severity,relax_constraint_count,relax_constraint_ids,relax_event_count,panel_start_time,machine2_start_time,final_end_time,start_time,end_time,date_start_time,date_completion_time,makespan_minutes,makespan_hours,process_1_time_min,process_2_time_min,process_3_time_min,process_4_time_min,process_5_time_min,process_6_time_min,process_7_time_min,process_8_time_min,interactive_precedence_blocked_ids,interactive_manual_bay_override,audit_synced,subassembly_group_size,subassembly_representative_id,is_subassembly_member,is_subassembly_representative,is_metric_anchor_row,violations_representative
20251202,1,2,BLK_2C,C,line,L_1,L_12,2025-12-02,17.2,21,5,0,False,7,35A,35A,False,578.3,True,False,False,False,NORMAL,False,ASSEMBLY,20251202,1,0,0,0,0,0,[],['WARNING'],[],[],[],[],[],[],[],[],1,[],[],['LONGI_BALANCE_FAMILY'],['INFO'],0,[],0,2025-12-02 08:00,2025-12-02 08:45,2025-12-02 17:38,2025-12-02 08:00,2025-12-02 17:38,2025-12-02 08:00,2025-12-02 17:38,578.3,9.64,45.6,134.1,14.4,134.7,57.1,100.2,30.7,61.4,,,True,1,2,False,True,True,0
20251202,2,14,BLK_14C,C,line,L_1,L_12,2025-12-02,10.7,6,2,1,False,2,36B,36B,False,350.3,True,False,False,False,NORMAL,False,ASSEMBLY,20251202,4,0,1,0,0,1,[],[],[],[],['P7#1'],['LONGI_BALANCE_FAMILY'],[],[],[],[],1,['부하 균형 불량: 균형 점수 0.00 < 0.7'],['P7#1'],['LONGI_BALANCE_FAMILY'],['INFO'],0,[],0,2025-12-02 08:45,2025-12-02 10:59,2025-12-02 16:55,2025-12-02 08:45,2025-12-02 16:55,2025-12-02 08:00,2025-12-02 17:38,578.3,9.64,33.6,96.0,14.4,90.4,36.9,37.2,19.9,21.8,,,True,1,14,False,True,True,0
20251202,3,30,BLK_30C,C,line,L_1,L_12,2025-12-02,21.0,13,6,0,False,7,35A,35A,False,294.3,True,False,False,False,NORMAL,False,ASSEMBLY,20251202,5,1,2,1,0,1,['라인 그룹 연속 제한 위반: L_12 3판 연속 → 최대 2판'],"['ERROR', 'WARNING']",['LINE_GROUP_CONSTRAINT'],['LINE_GROUP_FAMILY'],"['LINE_GROUP_CONSTRAINT', 'P7#1']","['LINE_GROUP_FAMILY', 'LONGI_BALANCE_FAMILY']",[],[],[],[],1,['부하 균형 불량: 균형 점수 0.68 < 0.7'],['P7#1'],['LONGI_BALANCE_FAMILY'],['INFO'],0,[],0,2025-12-02 09:19,2025-12-02 12:35,2025-12-02 18:42,2025-12-02 09:19,2025-12-02 18:42,2025-12-02 08:00,2025-12-02 18:42,642.8,10.71,36.0,35.7,14.4,21.6,54.8,66.6,25.0,40.3,,,True,1,30,False,True,True,1
20251202,4,76,BLK_76P,P,fixed,F_1,F_1,2025-12-02,22.3,20,5,1,False,9,36B,36B,False,588.6,True,False,False,False,NORMAL,False,ASSEMBLY,20251202,7,0,1,0,0,1,[],[],[],[],['P7#1'],['LONGI_BALANCE_FAMILY'],[],[],[],[],0,['부하 균형 불량: 균형 점수 0.45 < 0.7'],['P7#1'],[],[],0,[],0,2025-12-02 09:55,2025-12-02 13:11,2025-12-02 22:14,2025-12-02 09:55,2025-12-02 22:14,2025-12-02 08:00,2025-12-02 22:14,854.4,14.24,45.6,156.1,14.4,127.6,60.1,96.0,30.0,58.8,,,True,1,76,False,True,True,0
20251202,5,66,BLK_66C,C,fixed,F_1,F_1,2025-12-02,6.7,8,1,0,False,4,35A,35A,False,242.5,True,False,False,False,NORMAL,False,ASSEMBLY,20251202,6,0,0,0,0,0,[],['WARNING'],[],[],[],[],[],[],[],[],0,[],[],[],[],0,[],0,2025-12-02 10:40,2025-12-02 15:47,2025-12-02 21:04,2025-12-02 10:40,2025-12-02 21:04,2025-12-02 08:00,2025-12-02 22:14,854.4,14.24,14.4,53.7,14.4,45.3,25.4,45.6,16.6,27.1,,,True,1,66,False,True,True,0
20251202,6,6,BLK_6C,C,line,L_1,L_12,2025-12-02,30.3,16,7,0,False,7,36B,36B,False,356.3,True,False,False,False,NORMAL,False,ASSEMBLY,20251202,2,0,0,0,0,0,[],[],[],[],[],[],[],[],[],[],0,[],[],[],[],0,[],0,2025-12-02 10:55,2025-12-02 16:41,2025-12-02 23:20,2025-12-02 10:55,2025-12-02 23:20,2025-12-02 08:00,2025-12-02 23:20,920.1,15.34,54.0,43.4,14.4,31.7,58.2,79.2,27.1,48.2,,,True,1,6,False,True,True,0
20251202,7,10,BLK_10S,S,line,L_1,L_12,2025-12-02,13.1,20,5,2,False,6,35A,35A,False,624.8,True,False,False,False,NORMAL,False,ASSEMBLY,20251202,3,0,0,0,0,0,[],['WARNING'],[],[],[],[],[],[],[],[],0,[],[],[],[],0,[],0,2025-12-02 11:49,2025-12-02 17:24,2025-12-03 02:55,2025-12-02 11:49,2025-12-03 02:55,2025-12-02 08:00,2025-12-03 02:55,1135.4,18.92,54.0,179.6,14.4,131.8,60.2,96.0,30.0,58.8,,,True,1,10,False,True,True,0
20251202,8,86,BLK_86S,S,fixed,F_1,F_1,2025-12-02,10.3,8,4,2,False,5,36B,36B,False,431.2,True,False,False,False,NORMAL,False,ASSEMBLY,20251202,8,1,1,1,0,0,['C/Seam 블록 연속 배치 불가'],['ERROR'],['ROUTING_C_SEAM_SPACING'],['C_SEAM_SPACING_FAMILY'],['ROUTING_C_SEAM_SPACING'],['C_SEAM_SPACING_FAMILY'],[],[],[],[],0,[],[],[],[],0,[],0,2025-12-02 12:43,2025-12-02 20:24,2025-12-03 02:47,2025-12-02 12:43,2025-12-03 02:47,2025-12-02 08:00,2025-12-03 02:55,1135.4,18.92,48.0,131.2,14.4,93.1,50.4,45.6,21.4,27.1,,,True,1,86,False,True,True,1
20251202,9,106,BLK_106C,C,fixed,F_1,F_1,2025-12-02,22.3,13,7,0,False,9,36B,36B,False,339.3,True,False,False,False,NORMAL,False,ASSEMBLY,20251202,9,0,0,0,0,0,[],['WARNING'],[],[],[],[],[],[],[],[],0,[],[],[],[],0,[],0,2025-12-02 13:31,2025-12-02 22:35,2025-12-03 04:28,2025-12-02 13:31,2025-12-03 04:28,2025-12-02 08:00,2025-12-03 04:28,1228.9,20.48,54.0,43.7,14.4,32.2,63.1,66.6,25.0,40.3,,,True,1,106,False,True,True,0
20251202,10,33,BLK_33P,P,line,L_1,L_11,2025-12-04,12.9,6,2,0,False,4,35A,35A,False,198.5,True,False,False,False,NORMAL,False,ASSEMBLY,20251202,8,0,0,0,0,0,[],['WARNING'],[],[],[],[],[],[],[],[],0,[],[],[],[],0,[],0,2025-12-02 14:25,2025-12-02 23:19,2025-12-03 04:06,2025-12-02 14:25,2025-12-03 04:06,2025-12-02 08:00,2025-12-03 04:28,1228.9,20.48,24.0,32.9,14.4,18.0,30.2,37.2,19.9,21.8,,,True,1,33,False,True,True,0
20251202,11,22,BLK_22P,P,line,L_1,L_12,2025-12-03,22.6,10,5,1,False,8,36B,36B,False,453.4,True,False,False,False,NORMAL,False,ASSEMBLY,20251202,2,0,0,0,0,0,[],[],[],[],[],[],[],[],[],[],0,[],[],[],[],0,[],0,2025-12-02 14:49,2025-12-02 23:52,2025-12-03 06:39,2025-12-02 14:49,2025-12-03 06:39,2025-12-02 08:00,2025-12-03 06:39,1359.8,22.66,45.6,127.4,14.4,101.5,55.3,54.0,22.8,32.4,,,True,1,22,False,True,True,0
20251202,12,7,BLK_7S,S,line,L_2,L_21,2025-12-04,24.5,26,6,1,False,11,36B,36B,False,618.0,True,False,False,False,NORMAL,False,ASSEMBLY,20251202,4,1,1,1,0,0,['C/Seam 블록 연속 배치 불가'],"['ERROR', 'WARNING']",['ROUTING_C_SEAM_SPACING'],['C_SEAM_SPACING_FAMILY'],['ROUTING_C_SEAM_SPACING'],['C_SEAM_SPACING_FAMILY'],[],[],[],[],0,[],[],[],[],0,[],0,2025-12-02 15:34,2025-12-03 01:59,2025-12-03 11:41,2025-12-02 15:34,2025-12-03 11:41,2025-12-02 08:00,2025-12-03 11:41,1661.4,27.69,36.0,134.7,14.4,135.5,67.3,121.2,34.3,74.6,,,True,1,7,False,True,True,1
20251202,13,1,BLK_1C,C,line,L_1,L_11,2025-12-04,17.7,20,5,0,False,7,35A,35A,False,471.0,True,False,False,False,NORMAL,False,ASSEMBLY,20251202,1,0,0,0,0,0,[],['WARNING'],[],[],[],[],[],[],[],[],0,[],[],[],[],0,[],0,2025-12-02 16:10,2025-12-03 04:14,2025-12-03 11:58,2025-12-02 16:10,2025-12-03 11:58,2025-12-02 08:00,2025-12-03 11:58,1678.9,27.98,45.6,96.0,14.4,72.9,57.3,96.0,30.0,58.8,,,True,1,1,False,True,True,0
20251203,14,3,BLK_3C,C,line,L_2,L_21,2025-12-04,5.7,8,1,0,False,2,36B,36B,False,243.3,True,False,False,False,NORMAL,False,ASSEMBLY,20251203,2,0,0,0,0,0,[],[],[],[],[],[],[],[],[],[],0,[],[],[],[],0,[],0,2025-12-03 08:00,2025-12-03 08:14,2025-12-03 12:03,2025-12-03 08:00,2025-12-03 12:03,2025-12-03 08:00,2025-12-03 12:03,243.3,4.05,14.4,48.7,14.4,38.7,25.6,57.6,27.4,16.6,,,True,1,3,False,True,True,0
20251203,15,5,BLK_5C,C,line,L_1,L_11,2025-12-04,16.2,18,6,1,False,7,35A,35A,False,485.8,True,False,False,False,NORMAL,False,ASSEMBLY,20251203,3,0,0,0,0,0,[],['WARNING'],[],[],[],[],[],[],[],[],0,[],[],[],[],0,[],0,2025-12-03 08:14,2025-12-03 09:03,2025-12-03 16:32,2025-12-03 08:14,2025-12-03 16:32,2025-12-03 08:00,2025-12-03 16:32,512.9,8.55,36.0,113.7,14.4,88.9,63.1,87.6,28.6,53.5,,,True,1,5,False,True,True,0
20251203,16,46,BLK_46S,S,line,L_1,L_12,2025-12-03,19.2,13,6,0,False,5,36B,36B,False,312.4,True,False,False,False,NORMAL,False,ASSEMBLY,20251203,4,1,1,1,0,0,['고심수(6+) 블록 간 3판 간격 위반: 직전 동일 특성 블록과 1판 간격 (최소 3판 간격 필요)'],['ERROR'],['ROUTING_HIGH_SEAM_SPACING'],['HIGH_SEAM_SPACING_FAMILY'],['ROUTING_HIGH_SEAM_SPACING'],['HIGH_SEAM_SPACING_FAMILY'],[],[],[],[],0,[],[],[],[],0,[],0,2025-12-03 08:50,2025-12-03 10:56,2025-12-03 16:47,2025-12-03 08:50,2025-12-03 16:47,2025-12-03 08:00,2025-12-03 16:47,528.0,8.8,36.0,44.3,14.4,32.9,52.9,66.6,25.0,40.3,,,True,1,46,False,True,True,1
20251203,17,9,BLK_9C,C,line,L_1,L_11,2025-12-04,20.3,20,5,1,False,10,35A,35A,False,540.7,True,False,False,False,NORMAL,False,ASSEMBLY,20251203,5,0,0,0,0,0,[],['WARNING'],[],[],[],[],[],[],[],[],0,[],[],[],[],0,[],0,2025-12-03 09:26,2025-12-03 11:41,2025-12-03 19:56,2025-12-03 09:26,2025-12-03 19:56,2025-12-03 08:00,2025-12-03 19:56,716.1,11.94,45.6,131.2,14.4,104.9,59.9,96.0,30.0,58.8,,,True,1,9,False,True,True,0
20251203,18,11,BLK_11S,S,line,L_2,L_21,2025-12-04,15.4,17,5,0,False,6,36B,36B,False,326.6,True,False,False,False,NORMAL,True,ASSEMBLY,20251203,6,0,1,0,0,1,[],[],[],[],['P5#17'],['SUBASSEMBLY_FAMILY'],[],[],[],[],1,['별판 처리: 2개 블록을 1개 통합 블록으로 처리'],['P5#17'],['SUBASSEMBLY_FAMILY'],['INFO'],0,[],0,2025-12-03 10:12,2025-12-03 13:52,2025-12-03 20:23,2025-12-03 10:12,2025-12-03 20:23,2025-12-03 08:00,2025-12-03 20:23,743.0,12.38,36.0,38.8,14.4,25.7,49.6,83.4,27.8,50.9,,,True,2,11,True,True,True,0
20251203,18,168,BLK_11S,S,line,L_2,L_21,2025-12-04,15.4,17,5,0,False,6,36B,36B,False,326.6,True,False,False,False,NORMAL,True,ASSEMBLY,20251203,6,0,0,0,0,0,[],[],[],[],[],[],[],[],[],[],0,[],[],[],[],0,[],0,2025-12-03 10:12,2025-12-03 13:52,2025-12-03 20:23,2025-12-03 10:12,2025-12-03 20:23,2025-12-03 08:00,2025-12-03 20:23,743.0,12.38,36.0,38.8,14.4,25.7,49.6,83.4,27.8,50.9,,,True,2,11,True,False,False,0
20251203,19,25,BLK_25C,C,line,L_1,L_11,2025-12-04,17.3,12,5,0,False,5,35A,35A,False,285.2,True,False,False,False,NORMAL,False,ASSEMBLY,20251203,7,0,0,0,0,0,[],['WARNING'],[],[],[],[],[],[],[],[],0,[],[],[],[],0,[],0,2025-12-03 10:48,2025-12-03 14:30,2025-12-03 20:36,2025-12-03 10:48,2025-12-03 20:36,2025-12-03 08:00,2025-12-03 20:36,756.1,12.6,36.0,36.7,14.4,23.0,50.8,62.4,24.2,37.7,,,True,1,25,False,True,True,0
20251203,20,27,BLK_27S,S,line,L_2,L_21,2025-12-05,22.8,18,6,0,False,11,36B,36B,False,379.5,True,False,False,False,NORMAL,False,ASSEMBLY,20251203,4,0,0,0,0,0,[],[],[],[],[],[],[],[],[],[],0,[],[],[],[],0,[],0,2025-12-03 11:24,2025-12-03 15:07,2025-12-03 22:21,2025-12-03 11:24,2025-12-03 22:21,2025-12-03 08:00,2025-12-03 22:21,861.9,14.36,36.0,53.7,14.4,45.3,60.4,87.6,28.6,53.5,,,True,1,27,False,True,True,0
20251203,21,18,BLK_18P,P,line,L_1,L_12,2025-12-03,18.3,18,5,1,False,9,35A,35A,False,495.3,True,False,False,False,NORMAL,False,ASSEMBLY,20251203,1,0,0,0,0,0,[],['WARNING'],[],[],[],[],[],[],[],[],0,[],[],[],[],0,[],0,2025-12-03 12:00,2025-12-03 16:01,2025-12-03 23:31,2025-12-03 12:00,2025-12-03 23:31,2025-12-03 08:00,2025-12-03 23:31,931.1,15.52,45.6,116.1,14.4,91.2,58.3,87.6,28.6,53.5,,,True,1,18,False,True,True,0
20251203,22,15,BLK_15P,P,line,L_2,L_21,2025-12-05,19.0,16,5,0,False,7,36B,36B,False,311.6,True,False,False,False,NORMAL,False,ASSEMBLY,20251203,1,0,0,0,0,0,[],[],[],[],[],[],[],[],[],[],0,[],[],[],[],0,[],0,2025-12-03 12:45,2025-12-03 17:57,2025-12-04 00:03,2025-12-03 12:45,2025-12-04 00:03,2025-12-03 08:00,2025-12-04 00:03,963.9,16.07,36.0,36.3,14.4,22.4,48.0,79.2,27.1,48.2,,,True,1,15,False,True,True,0
20251203,23,13,BLK_13S,S,line,L_1,L_11,2025-12-06,6.7,6,2,1,False,4,35A,35A,False,317.1,True,False,False,False,NORMAL,False,ASSEMBLY,20251203,1,0,0,0,0,0,[],['WARNING'],[],[],[],[],[],[],[],[],0,[],[],[],[],0,[],0,2025-12-03 13:21,2025-12-03 18:33,2025-12-03 23:52,2025-12-03 13:21,2025-12-03 23:52,2025-12-03 08:00,2025-12-04 00:03,963.9,16.07,33.6,90.7,14.4,68.0,36.2,37.2,15.1,21.8,,,True,1,13,False,True,True,0
20251203,24,42,BLK_42S,S,line,L_1,L_12,2025-12-03,20.3,13,5,0,False,7,36B,36B,False,296.7,True,False,False,False,NORMAL,False,ASSEMBLY,20251203,3,0,0,0,0,0,[],[],[],[],[],[],[],[],[],[],0,[],[],[],[],0,[],0,2025-12-03 13:55,2025-12-03 20:04,2025-12-04 01:09,2025-12-03 13:55,2025-12-04 01:09,2025-12-03 08:00,2025-12-04 01:09,1029.7,17.16,36.0,37.8,14.4,24.4,52.2,66.6,25.0,40.3,,,True,1,42,False,True,True,0
20251203,25,31,BLK_31P,P,line,L_2,L_21,2025-12-05,18.1,20,5,1,False,7,35A,35A,False,565.3,True,False,False,False,NORMAL,False,ASSEMBLY,20251203,5,0,0,0,0,0,[],['WARNING'],[],[],[],[],[],[],[],[],0,[],[],[],[],0,[],0,2025-12-03 14:31,2025-12-03 20:42,2025-12-04 05:21,2025-12-03 14:31,2025-12-04 05:21,2025-12-03 08:00,2025-12-04 05:21,1281.9,21.37,45.6,131.3,14.4,131.5,57.7,96.0,30.0,58.8,,,True,1,31,False,True,True,0
20251203,26,35,BLK_35P,P,line,L_2,L_21,2025-12-05,22.3,12,7,0,False,10,36B,36B,False,336.4,True,False,False,False,NORMAL,False,ASSEMBLY,20251203,6,0,0,0,0,0,[],[],[],[],[],[],[],[],[],[],0,[],[],[],[],0,[],0,2025-12-03 15:16,2025-12-03 22:53,2025-12-04 05:24,2025-12-03 15:16,2025-12-04 05:24,2025-12-03 08:00,2025-12-04 05:24,1284.2,21.4,54.0,45.9,14.4,35.1,62.8,62.4,24.2,37.7,,,True,1,35,False,True,True,0
20251203,27,67,BLK_67C,C,fixed,F_10,F_10,2025-12-05,13.8,19,2,0,False,6,35A,35A,False,378.1,True,False,False,False,NORMAL,False,ASSEMBLY,20251203,7,0,0,0,0,0,[],['WARNING'],[],[],[],[],[],[],[],[],0,[],[],[],[],0,[],0,2025-12-03 16:10,2025-12-03 23:39,2025-12-04 06:52,2025-12-03 16:10,2025-12-04 06:52,2025-12-03 08:00,2025-12-04 06:52,1372.6,22.88,24.0,65.8,14.4,61.2,35.4,91.8,29.3,56.2,,,True,1,67,False,True,True,0
20251203,28,96,BLK_96C,C,fixed,F_1,F_1,2025-12-05,5.7,9,1,1,False,1,36B,36B,False,427.8,True,False,False,False,NORMAL,False,ASSEMBLY,20251203,9,0,0,0,0,0,[],[],[],[],[],[],[],[],[],[],0,[],[],[],[],0,[],0,2025-12-03 16:34,2025-12-04 00:45,2025-12-04 07:29,2025-12-03 16:34,2025-12-04 07:29,2025-12-03 08:00,2025-12-04 07:29,1409.1,23.48,24.0,131.0,14.4,131.1,30.5,49.8,17.3,29.8,,,True,1,96,False,True,True,0
20251204,29,116,BLK_116C,C,fixed,F_1,F_1,2025-12-05,11.0,9,1,1,False,4,35A,35A,False,400.3,True,False,False,False,NORMAL,False,ASSEMBLY,20251204,10,1,1,1,0,0,['C/Seam 블록 연속 배치 불가'],"['ERROR', 'WARNING']",['ROUTING_C_SEAM_SPACING'],['C_SEAM_SPACING_FAMILY'],['ROUTING_C_SEAM_SPACING'],['C_SEAM_SPACING_FAMILY'],[],[],[],[],0,[],[],[],[],0,[],0,2025-12-04 08:00,2025-12-04 08:24,2025-12-04 14:40,2025-12-04 08:00,2025-12-04 14:40,2025-12-04 08:00,2025-12-04 14:40,400.3,6.67,24.0,126.7,14.4,100.8,32.7,49.8,22.1,29.8,,,True,1,116,False,True,True,1
20251204,30,126,BLK_126C,C,fixed,F_1,F_1,2025-12-05,5.7,9,1,0,False,4,36B,36B,False,321.8,True,False,False,False,NORMAL,False,ASSEMBLY,20251204,11,0,0,0,0,0,[],[],[],[],[],[],[],[],[],[],0,[],[],[],[],0,[],0,2025-12-04 08:24,2025-12-04 10:30,2025-12-04 15:54,2025-12-04 08:24,2025-12-04 15:54,2025-12-04 08:00,2025-12-04 15:54,474.3,7.9,14.4,84.6,14.4,86.0,25.5,49.8,17.3,29.8,,,True,1,126,False,True,True,0
20251204,31,121,BLK_121S,S,fixed,F_5,F_5,2025-12-09,15.3,16,6,2,False,5,35A,35A,False,589.2,True,False,False,False,NORMAL,False,ASSEMBLY,20251204,22,0,0,0,0,0,[],['WARNING'],[],[],[],[],[],[],[],[],0,[],[],[],[],0,[],0,2025-12-04 08:38,2025-12-04 11:55,2025-12-04 21:08,2025-12-04 08:38,2025-12-04 21:08,2025-12-04 08:00,2025-12-04 21:08,788.5,13.14,36.0,171.5,14.4,147.6,65.1,79.2,27.1,48.2,,,True,1,121,False,True,True,0
20251204,32,147,BLK_147C,C,fixed,F_10,F_10,2025-12-05,14.7,16,4,0,False,6,36B,36B,False,310.8,True,False,False,False,NORMAL,False,ASSEMBLY,20251204,13,0,0,0,0,0,[],[],[],[],[],[],[],[],[],[],0,[],[],[],[],0,[],0,2025-12-04 09:14,2025-12-04 14:46,2025-12-04 21:50,2025-12-04 09:14,2025-12-04 21:50,2025-12-04 08:00,2025-12-04 21:50,830.5,13.84,30.0,41.1,14.4,28.8,42.0,79.2,27.1,48.2,,,True,1,147,False,True,True,0
20251204,33,17,BLK_17C,C,line,L_1,L_11,2025-12-06,8.6,10,2,2,False,5,35A,35A,False,468.3,True,False,False,False,NORMAL,False,ASSEMBLY,20251204,2,0,0,0,0,0,[],['WARNING'],[],[],[],[],[],[],[],[],0,[],[],[],[],0,[],0,2025-12-04 09:44,2025-12-04 15:27,2025-12-04 22:34,2025-12-04 09:44,2025-12-04 22:34,2025-12-04 08:00,2025-12-04 22:34,874.3,14.57,42.0,152.5,14.4,110.2,44.8,54.0,18.0,32.4,,,True,1,17,False,True,True,0
20251204,34,19,BLK_19C,C,line,L_2,L_21,2025-12-05,13.0,16,4,0,False,6,36B,36B,False,306.3,True,False,False,False,NORMAL,False,ASSEMBLY,20251204,2,0,0,0,0,0,[],[],[],[],[],[],[],[],[],[],0,[],[],[],[],0,[],0,2025-12-04 10:26,2025-12-04 18:00,2025-12-05 00:07,2025-12-04 10:26,2025-12-05 00:07,2025-12-04 08:00,2025-12-05 00:07,967.1,16.12,30.0,38.9,14.4,25.8,42.7,79.2,27.1,48.2,,,True,1,19,False,True,True,0
20251204,35,156,BLK_156C,C,fixed,F_1,F_1,2025-12-05,5.7,10,2,0,False,6,35A,35A,False,241.3,True,False,False,False,NORMAL,False,ASSEMBLY,20251204,14,0,0,0,0,0,[],['WARNING'],[],[],[],[],[],[],[],[],0,[],[],[],[],0,[],0,2025-12-04 10:56,2025-12-04 18:39,2025-12-04 23:48,2025-12-04 10:56,2025-12-04 23:48,2025-12-04 08:00,2025-12-05 00:07,967.1,16.12,24.0,39.9,14.4,27.2,31.3,54.0,18.0,32.4,,,True,1,156,False,True,True,0
20251204,36,26,BLK_26C,C,line,L_1,L_12,2025-12-06,16.5,21,5,4,False,7,36B,36B,False,768.6,True,False,False,False,NORMAL,False,ASSEMBLY,20251204,3,0,0,0,0,0,[],[],[],[],[],[],[],[],[],[],0,[],[],[],[],0,[],0,2025-12-04 11:20,2025-12-04 19:19,2025-12-05 07:06,2025-12-04 11:20,2025-12-05 07:06,2025-12-04 08:00,2025-12-05 07:06,1386.7,23.11,61.2,228.0,14.4,198.0,74.7,100.2,30.7,61.4,,,True,1,26,False,True,True,0
20251204,37,34,BLK_34C,C,line,L_1,L_12,2025-12-06,20.9,29,7,2,False,12,35A,35A,False,704.4,True,False,False,False,NORMAL,False,ASSEMBLY,20251204,4,1,1,1,0,0,['C/Seam 블록 연속 배치 불가'],"['ERROR', 'WARNING']",['ROUTING_C_SEAM_SPACING'],['C_SEAM_SPACING_FAMILY'],['ROUTING_C_SEAM_SPACING'],['C_SEAM_SPACING_FAMILY'],[],[],[],[],0,[],[],[],[],0,[],0,2025-12-04 12:21,2025-12-04 23:07,2025-12-05 10:31,2025-12-04 12:21,2025-12-05 10:31,2025-12-04 08:00,2025-12-05 10:31,1591.2,26.52,54.0,164.4,14.4,140.9,77.8,133.8,36.5,82.6,,,True,1,34,False,True,True,1
20251204,38,41,BLK_41P,P,line,L_1,L_11,2025-12-06,14.3,18,4,0,False,6,36B,36B,False,322.9,True,False,False,False,NORMAL,True,ASSEMBLY,20251204,5,0,1,0,0,1,[],[],[],[],['P5#17'],['SUBASSEMBLY_FAMILY'],[],[],[],[],1,['별판 처리: 2개 블록을 1개 통합 블록으로 처리'],['P5#17'],['SUBASSEMBLY_FAMILY'],['INFO'],0,[],0,2025-12-04 13:15,2025-12-05 01:51,2025-12-05 09:51,2025-12-04 13:15,2025-12-05 09:51,2025-12-04 08:00,2025-12-05 10:31,1591.2,26.52,30.0,39.2,14.4,26.2,43.4,87.6,28.6,53.5,,,True,2,41,True,True,True,0
20251204,38,167,BLK_41P,P,line,L_1,L_11,2025-12-06,14.3,18,4,0,False,6,36B,36B,False,322.9,True,False,False,False,NORMAL,True,ASSEMBLY,20251204,5,0,0,0,0,0,[],[],[],[],[],[],[],[],[],[],0,[],[],[],[],0,[],0,2025-12-04 13:15,2025-12-05 01:51,2025-12-05 09:51,2025-12-04 13:15,2025-12-05 09:51,2025-12-04 08:00,2025-12-05 10:31,1591.2,26.52,30.0,39.2,14.4,26.2,43.4,87.6,28.6,53.5,,,True,2,41,True,False,False,0
20251204,39,50,BLK_50S,S,line,L_1,L_12,2025-12-06,19.8,12,5,0,False,10,35A,35A,False,295.8,True,False,False,False,NORMAL,False,ASSEMBLY,20251204,6,0,0,0,0,0,[],['WARNING'],[],[],[],[],[],[],[],[],0,[],[],[],[],0,[],0,2025-12-04 13:45,2025-12-05 02:30,2025-12-05 11:08,2025-12-04 13:45,2025-12-05 11:08,2025-12-04 08:00,2025-12-05 11:08,1628.9,27.15,36.0,40.0,14.4,27.2,53.9,62.4,24.2,37.7,,,True,1,50,False,True,True,0
20251204,40,78,BLK_78S,S,fixed,F_2,F_2,2025-12-06,6.4,8,4,1,False,6,36B,36B,False,344.4,True,False,False,False,NORMAL,False,ASSEMBLY,20251204,8,0,0,0,0,0,[],[],[],[],[],[],[],[],[],[],0,[],[],[],[],0,[],0,2025-12-04 14:21,2025-12-05 03:10,2025-12-05 10:18,2025-12-04 14:21,2025-12-05 10:18,2025-12-04 08:00,2025-12-05 11:08,1628.9,27.15,39.6,90.9,14.4,68.2,42.0,45.6,16.6,27.1,,,True,1,78,False,True,True,0
20251204,41,98,BLK_98P,P,fixed,F_2,F_2,2025-12-06,17.9,17,5,0,False,5,35A,35A,False,349.4,True,False,False,False,NORMAL,False,ASSEMBLY,20251204,9,0,0,0,0,0,[],['WARNING'],[],[],[],[],[],[],[],[],0,[],[],[],[],0,[],0,2025-12-04 15:01,2025-12-05 04:41,2025-12-05 12:16,2025-12-04 15:01,2025-12-05 12:16,2025-12-04 08:00,2025-12-05 12:16,1696.7,28.28,36.0,48.3,14.4,38.2,50.4,83.4,27.8,50.9,,,True,1,98,False,True,True,0
20251204,42,38,BLK_38P,P,line,L_1,L_12,2025-12-07,8.7,10,2,1,False,5,36B,36B,False,379.7,True,False,False,False,NORMAL,False,ASSEMBLY,20251204,1,0,0,0,0,0,[],[],[],[],[],[],[],[],[],[],0,[],[],[],[],0,[],0,2025-12-04 15:37,2025-12-05 05:30,2025-12-05 11:54,2025-12-04 15:37,2025-12-05 11:54,2025-12-04 08:00,2025-12-05 12:16,1696.7,28.28,33.6,104.8,14.4,80.9,36.8,54.0,22.8,32.4,,,True,1,38,False,True,True,0
20251204,43,23,BLK_23P,P,line,L_2,L_21,2025-12-05,13.7,12,4,1,False,8,35A,35A,False,428.8,True,False,False,False,NORMAL,False,ASSEMBLY,20251204,3,1,1,1,0,0,['C/Seam 블록 연속 배치 불가'],"['ERROR', 'WARNING']",['ROUTING_C_SEAM_SPACING'],['C_SEAM_SPACING_FAMILY'],['ROUTING_C_SEAM_SPACING'],['C_SEAM_SPACING_FAMILY'],[],[],[],[],0,[],[],[],[],0,[],0,2025-12-04 16:10,2025-12-05 07:14,2025-12-05 13:44,2025-12-04 16:10,2025-12-05 13:44,2025-12-04 08:00,2025-12-05 13:44,1784.1,29.74,39.6,112.9,14.4,88.3,49.3,62.4,24.2,37.7,,,True,1,23,False,True,True,1
20251205,44,68,BLK_68C,C,fixed,F_2,F_2,2025-12-06,14.6,16,5,0,False,7,36B,36B,False,309.4,True,False,False,False,NORMAL,False,ASSEMBLY,20251205,7,0,0,0,0,0,[],[],[],[],[],[],[],[],[],[],0,[],[],[],[],0,[],0,2025-12-05 08:00,2025-12-05 09:07,2025-12-05 15:01,2025-12-05 08:00,2025-12-05 15:01,2025-12-05 08:00,2025-12-05 15:01,421.9,7.03,36.0,35.5,14.4,21.4,47.5,79.2,27.1,48.2,,,True,1,68,False,True,True,0
20251205,45,77,BLK_77C,C,fixed,F_10,F_10,2025-12-05,20.9,14,5,1,False,5,35A,35A,False,442.2,True,False,False,False,NORMAL,False,ASSEMBLY,20251205,8,0,0,0,0,0,[],['WARNING'],[],[],[],[],[],[],[],[],0,[],[],[],[],0,[],0,2025-12-05 08:36,2025-12-05 09:43,2025-12-05 16:19,2025-12-05 08:36,2025-12-05 16:19,2025-12-05 08:00,2025-12-05 16:19,500.0,8.33,45.6,106.0,14.4,82.0,54.8,70.8,25.7,43.0,,,True,1,77,False,True,True,0
20251205,46,43,BLK_43P,P,line,L_2,L_21,2025-12-08,6.7,5,1,0,False,4,36B,36B,False,181.6,True,False,False,False,NORMAL,False,ASSEMBLY,20251205,2,0,0,0,0,0,[],[],[],[],[],[],[],[],[],[],0,[],[],[],[],0,[],0,2025-12-05 09:21,2025-12-05 11:29,2025-12-05 15:30,2025-12-05 09:21,2025-12-05 15:30,2025-12-05 08:00,2025-12-05 16:19,500.0,8.33,14.4,37.9,14.4,24.5,23.8,33.0,14.4,19.2,,,True,1,43,False,True,True,0
20251205,47,109,BLK_109S,S,fixed,F_3,F_3,2025-12-11,12.9,12,4,0,False,5,35A,35A,False,295.4,True,False,False,False,NORMAL,False,ASSEMBLY,20251205,26,0,0,0,0,0,[],['WARNING'],[],[],[],[],[],[],[],[],0,[],[],[],[],0,[],0,2025-12-05 09:36,2025-12-05 12:07,2025-12-05 17:15,2025-12-05 09:36,2025-12-05 17:15,2025-12-05 08:00,2025-12-05 17:15,555.7,9.26,30.0,48.7,14.4,38.7,39.2,62.4,24.2,37.7,,,True,1,109,False,True,True,0
20251205,48,54,BLK_54P,P,line,L_1,L_12,2025-12-07,10.0,5,4,1,False,7,36B,36B,False,344.7,True,False,False,False,NORMAL,False,ASSEMBLY,20251205,2,0,0,0,0,0,[],[],[],[],[],[],[],[],[],[],0,[],[],[],[],0,[],0,2025-12-05 10:06,2025-12-05 12:55,2025-12-05 18:01,2025-12-05 10:06,2025-12-05 18:01,2025-12-05 08:00,2025-12-05 18:01,601.1,10.02,39.6,99.2,14.4,75.7,44.4,33.0,19.2,19.2,,,True,1,54,False,True,True,0
20251205,49,115,BLK_115P,P,fixed,F_9,F_9,2025-12-10,5.7,6,1,2,False,4,35A,35A,False,393.9,True,False,False,False,NORMAL,False,ASSEMBLY,20251205,18,1,1,1,0,0,['C/Seam 블록 연속 배치 불가'],"['ERROR', 'WARNING']",['ROUTING_C_SEAM_SPACING'],['C_SEAM_SPACING_FAMILY'],['ROUTING_C_SEAM_SPACING'],['C_SEAM_SPACING_FAMILY'],[],[],[],[],0,[],[],[],[],0,[],0,2025-12-05 10:45,2025-12-05 14:35,2025-12-05 20:36,2025-12-05 10:45,2025-12-05 20:36,2025-12-05 08:00,2025-12-05 20:36,756.7,12.61,32.4,138.2,14.4,98.7,36.1,37.2,15.1,21.8,,,True,1,115,False,True,True,1
20251205,50,39,BLK_39C,C,line,L_2,L_21,2025-12-08,19.0,12,4,0,False,8,36B,36B,False,279.4,True,False,False,False,NORMAL,False,ASSEMBLY,20251205,1,0,0,0,0,0,[],[],[],[],[],[],[],[],[],[],0,[],[],[],[],0,[],0,2025-12-05 11:18,2025-12-05 16:53,2025-12-05 22:09,2025-12-05 11:18,2025-12-05 22:09,2025-12-05 08:00,2025-12-05 22:09,849.8,14.16,30.0,40.2,14.4,27.6,42.9,62.4,24.2,37.7,,,True,1,39,False,True,True,0
20251205,51,100,BLK_100C,C,fixed,F_4,F_4,2025-12-10,16.3,11,6,0,False,8,35A,35A,False,286.2,True,False,False,False,NORMAL,False,ASSEMBLY,20251205,13,0,0,0,0,0,[],['WARNING'],[],[],[],[],[],[],[],[],0,[],[],[],[],0,[],0,2025-12-05 11:48,2025-12-05 17:33,2025-12-05 22:59,2025-12-05 11:48,2025-12-05 22:59,2025-12-05 08:00,2025-12-05 22:59,899.5,14.99,36.0,37.6,14.4,24.1,57.3,58.2,23.5,35.0,,,True,1,100,False,True,True,0
20251205,52,47,BLK_47P,P,line,L_2,L_21,2025-12-08,8.9,11,2,1,False,6,36B,36B,False,532.9,True,False,False,False,NORMAL,False,ASSEMBLY,20251205,3,0,0,0,0,0,[],[],[],[],[],[],[],[],[],[],0,[],[],[],[],0,[],0,2025-12-05 12:24,2025-12-05 18:11,2025-12-06 02:30,2025-12-05 12:24,2025-12-06 02:30,2025-12-05 08:00,2025-12-06 02:30,1110.4,18.51,33.6,161.4,14.4,166.6,40.1,58.2,23.5,35.0,,,True,1,47,False,True,True,0
20251205,53,55,BLK_55S,S,line,L_2,L_21,2025-12-08,7.0,9,1,1,False,2,35A,35A,False,426.8,True,False,False,False,NORMAL,False,ASSEMBLY,20251205,4,1,1,1,0,0,['C/Seam 블록 연속 배치 불가'],"['ERROR', 'WARNING']",['ROUTING_C_SEAM_SPACING'],['C_SEAM_SPACING_FAMILY'],['ROUTING_C_SEAM_SPACING'],['C_SEAM_SPACING_FAMILY'],[],[],[],[],0,[],[],[],[],0,[],0,2025-12-05 12:57,2025-12-05 20:52,2025-12-06 03:58,2025-12-05 12:57,2025-12-06 03:58,2025-12-05 08:00,2025-12-06 03:58,1198.0,19.97,24.0,143.9,14.4,116.5,31.1,49.8,17.3,29.8,,,True,1,55,False,True,True,1
20251205,54,74,BLK_74C,C,fixed,F_8,F_8,2025-12-09,19.7,12,5,0,False,5,36B,36B,False,265.9,True,False,False,False,NORMAL,False,ASSEMBLY,20251205,10,0,0,0,0,0,[],[],[],[],[],[],[],[],[],[],0,[],[],[],[],0,[],0,2025-12-05 13:21,2025-12-05 23:16,2025-12-06 05:09,2025-12-05 13:21,2025-12-06 05:09,2025-12-05 08:00,2025-12-06 05:09,1269.2,21.15,36.0,31.5,14.4,16.0,43.7,62.4,24.2,37.7,,,True,1,74,False,True,True,0
20251205,55,97,BLK_97S,S,fixed,F_10,F_10,2025-12-08,12.6,10,2,1,False,5,35A,35A,False,491.0,True,False,False,False,NORMAL,False,ASSEMBLY,20251205,7,0,0,0,0,0,[],['WARNING'],[],[],[],[],[],[],[],[],0,[],[],[],[],0,[],0,2025-12-05 13:57,2025-12-05 23:47,2025-12-06 07:25,2025-12-05 13:57,2025-12-06 07:25,2025-12-05 08:00,2025-12-06 07:25,1405.3,23.42,33.6,159.9,14.4,131.1,42.8,54.0,22.8,32.4,,,True,1,97,False,True,True,0
20251205,56,53,BLK_53S,S,line,L_1,L_11,2025-12-09,20.3,26,6,0,False,7,36B,36B,False,424.6,True,False,False,False,NORMAL,False,ASSEMBLY,20251205,4,0,0,0,0,0,[],[],[],[],[],[],[],[],[],[],0,[],[],[],[],0,[],0,2025-12-05 14:31,2025-12-06 02:27,2025-12-06 10:24,2025-12-05 14:31,2025-12-06 10:24,2025-12-05 08:00,2025-12-06 10:24,1584.8,26.41,36.0,47.9,14.4,37.6,58.5,121.2,34.3,74.6,,,True,1,53,False,True,True,0
20251205,57,118,BLK_118P,P,fixed,F_2,F_2,2025-12-08,10.8,13,2,1,False,6,35A,35A,False,474.1,True,False,False,False,NORMAL,False,ASSEMBLY,20251205,9,0,0,0,0,0,[],['WARNING'],[],[],[],[],[],[],[],[],0,[],[],[],[],0,[],0,2025-12-05 15:07,2025-12-06 03:15,2025-12-06 10:36,2025-12-05 15:07,2025-12-06 10:36,2025-12-05 08:00,2025-12-06 10:36,1596.2,26.6,33.6,140.1,14.4,113.1,41.0,66.6,25.0,40.3,,,True,1,118,False,True,True,0
20251205,58,128,BLK_128C,C,fixed,F_2,F_2,2025-12-08,7.8,9,1,0,False,4,36B,36B,False,243.3,True,False,False,False,NORMAL,False,ASSEMBLY,20251205,10,0,0,0,0,0,[],[],[],[],[],[],[],[],[],[],0,[],[],[],[],0,[],0,2025-12-05 15:40,2025-12-06 05:35,2025-12-06 10:54,2025-12-05 15:40,2025-12-06 10:54,2025-12-05 08:00,2025-12-06 10:54,1614.6,26.91,14.4,50.4,14.4,41.0,26.2,49.8,17.3,29.8,,,True,1,128,False,True,True,0
20251205,59,87,BLK_87C,C,fixed,F_10,F_10,2025-12-08,10.8,15,2,2,False,5,35A,35A,False,663.9,True,False,False,False,NORMAL,False,ASSEMBLY,20251205,5,0,0,0,0,0,[],['WARNING'],[],[],[],[],[],[],[],[],0,[],[],[],[],0,[],0,2025-12-05 15:55,2025-12-06 06:26,2025-12-06 16:48,2025-12-05 15:55,2025-12-06 16:48,2025-12-05 08:00,2025-12-06 16:48,1968.1,32.8,42.0,219.5,14.4,193.6,47.3,75.0,26.4,45.6,,,True,1,87,False,True,True,0
20251205,60,157,BLK_157P,P,fixed,F_10,F_10,2025-12-08,10.8,12,1,0,False,3,36B,36B,False,315.5,True,False,False,False,NORMAL,False,ASSEMBLY,20251205,11,0,0,0,0,0,[],[],[],[],[],[],[],[],[],[],0,[],[],[],[],0,[],0,2025-12-05 16:37,2025-12-06 10:05,2025-12-06 17:10,2025-12-05 16:37,2025-12-06 17:10,2025-12-05 08:00,2025-12-06 17:10,1991.0,33.18,14.4,69.5,14.4,66.2,26.7,62.4,24.2,37.7,,,True,1,157,False,True,True,0
20251205,61,29,BLK_29P,P,line,L_1,L_11,2025-12-09,20.9,22,7,1,False,11,35A,35A,False,529.1,True,False,False,False,NORMAL,False,ASSEMBLY,20251205,2,0,0,0,0,0,[],['WARNING'],[],[],[],[],[],[],[],[],0,[],[],[],[],0,[],0,2025-12-05 16:51,2025-12-06 11:15,2025-12-06 20:41,2025-12-05 16:51,2025-12-06 20:41,2025-12-05 08:00,2025-12-06 20:41,2201.6,36.69,54.0,99.0,14.4,93.9,67.8,104.4,31.4,64.1,,,True,1,29,False,True,True,0
20251205,62,108,BLK_108S,S,fixed,F_2,F_2,2025-12-08,19.9,24,5,0,False,9,36B,36B,False,386.4,True,False,False,False,NORMAL,False,ASSEMBLY,20251205,8,0,1,0,0,1,[],[],[],[],['P5#9'],['CAPACITY_FAMILY'],[],[],[],[],1,['P5#9 조건 충족: 72심 초과지만 19/17블록 → 허용 (현재 75/75심)'],['P5#9'],['CAPACITY_FAMILY'],['INFO'],0,[],0,2025-12-05 17:45,2025-12-06 12:54,2025-12-06 21:47,2025-12-05 17:45,2025-12-06 21:47,2025-12-05 08:00,2025-12-06 21:47,2267.8,37.8,36.0,41.1,14.4,28.8,51.1,112.8,32.9,69.4,,,True,1,108,False,True,True,0
20251206,63,45,BLK_45C,C,line,L_1,L_11,2025-12-09,13.2,2,4,0,False,4,35A,35A,False,198.1,True,False,False,False,NORMAL,False,ASSEMBLY,20251206,3,0,0,0,0,0,[],['WARNING'],[],[],[],[],[],[],[],[],0,[],[],[],[],0,[],0,2025-12-06 08:00,2025-12-06 13:35,2025-12-06 20:52,2025-12-06 08:00,2025-12-06 20:52,2025-12-06 08:00,2025-12-06 21:47,827.8,13.8,30.0,40.6,14.4,28.1,36.2,20.4,17.0,11.3,,,True,1,45,False,True,True,0
20251206,64,12,BLK_12S,S,line,L_2,L_22,2025-12-11,6.4,9,1,1,False,6,36B,36B,False,459.4,True,False,False,False,NORMAL,False,ASSEMBLY,20251206,3,0,0,0,0,0,[],[],[],[],[],[],[],[],[],[],0,[],[],[],[],0,[],0,2025-12-06 08:30,2025-12-06 14:16,2025-12-06 22:17,2025-12-06 08:30,2025-12-06 22:17,2025-12-06 08:00,2025-12-06 22:17,857.5,14.29,24.0,160.9,14.4,132.0,31.3,49.8,17.3,29.8,,,True,1,12,False,True,True,0
20251206,65,57,BLK_57P,P,line,L_1,L_11,2025-12-09,13.2,10,5,0,False,6,35A,35A,False,262.1,True,False,False,False,NORMAL,False,ASSEMBLY,20251206,5,0,0,0,0,0,[],['WARNING'],[],[],[],[],[],[],[],[],0,[],[],[],[],0,[],0,2025-12-06 08:54,2025-12-06 16:57,2025-12-06 22:30,2025-12-06 08:54,2025-12-06 22:30,2025-12-06 08:00,2025-12-06 22:30,871.0,14.52,36.0,34.9,14.4,20.6,47.1,54.0,22.8,32.4,,,True,1,57,False,True,True,0
20251206,66,159,BLK_159P,P,fixed,F_3,F_3,2025-12-11,19.9,22,6,1,False,8,36B,36B,False,523.7,True,False,False,False,NORMAL,False,ASSEMBLY,20251206,56,0,0,0,0,0,[],[],[],[],[],[],[],[],[],[],0,[],[],[],[],0,[],0,2025-12-06 09:30,2025-12-06 17:31,2025-12-07 01:39,2025-12-06 09:30,2025-12-07 01:39,2025-12-06 08:00,2025-12-07 01:39,1059.6,17.66,36.0,117.8,14.4,92.7,62.9,104.4,31.4,64.1,,,True,1,159,False,True,True,0
20251206,67,62,BLK_62P,P,line,L_1,L_12,2025-12-09,11.0,10,2,1,False,4,35A,35A,False,460.9,True,False,False,False,NORMAL,False,ASSEMBLY,20251206,7,1,1,1,0,0,['C/Seam 블록 연속 배치 불가'],"['ERROR', 'WARNING']",['ROUTING_C_SEAM_SPACING'],['C_SEAM_SPACING_FAMILY'],['ROUTING_C_SEAM_SPACING'],['C_SEAM_SPACING_FAMILY'],[],[],[],[],0,[],[],[],[],0,[],0,2025-12-06 10:06,2025-12-06 19:29,2025-12-07 02:36,2025-12-06 10:06,2025-12-07 02:36,2025-12-06 08:00,2025-12-07 02:36,1117.0,18.62,33.6,144.9,14.4,117.5,41.3,54.0,22.8,32.4,,,True,1,62,False,True,True,1
20251206,68,71,BLK_71C,C,fixed,F_5,F_5,2025-12-09,17.5,21,5,0,False,8,36B,36B,False,361.7,True,False,False,False,NORMAL,False,ASSEMBLY,20251206,8,0,0,0,0,0,[],[],[],[],[],[],[],[],[],[],0,[],[],[],[],0,[],0,2025-12-06 10:39,2025-12-06 21:54,2025-12-07 04:50,2025-12-06 10:39,2025-12-07 04:50,2025-12-06 08:00,2025-12-07 04:50,1250.7,20.85,36.0,40.4,14.4,27.9,50.6,100.2,30.7,61.4,,,True,1,71,False,True,True,0
20251206,69,136,BLK_136C,C,fixed,F_1,F_1,2025-12-05,16.7,13,4,0,False,6,35A,35A,False,282.5,True,False,False,False,NORMAL,False,ASSEMBLY,20251206,12,0,0,0,0,0,[],['WARNING'],[],[],[],[],[],[],[],[],0,[],[],[],[],0,[],0,2025-12-06 11:15,2025-12-06 22:35,2025-12-07 04:34,2025-12-06 11:15,2025-12-07 04:34,2025-12-06 08:00,2025-12-07 04:50,1250.7,20.85,30.0,37.7,14.4,24.3,44.1,66.6,25.0,40.3,,,True,1,136,False,True,True,0
20251206,70,114,BLK_114S,S,fixed,F_8,F_8,2025-12-09,30.3,18,8,3,False,10,36B,36B,False,691.4,True,False,False,False,NORMAL,False,ASSEMBLY,20251206,20,0,0,0,0,0,[],[],[],[],[],[],[],[],[],[],0,[],[],[],[],0,[],0,2025-12-06 11:45,2025-12-06 23:12,2025-12-07 09:41,2025-12-06 11:45,2025-12-07 09:41,2025-12-06 08:00,2025-12-07 09:41,1541.8,25.7,62.4,194.4,14.4,159.3,91.3,87.6,28.6,53.5,,,True,1,114,False,True,True,0
20251206,71,73,BLK_73P,P,fixed,F_7,F_7,2025-12-09,16.5,22,4,0,False,7,35A,35A,False,358.9,True,False,False,False,NORMAL,True,ASSEMBLY,20251206,9,0,1,0,0,1,[],['WARNING'],[],[],['P5#17'],['SUBASSEMBLY_FAMILY'],[],[],[],[],1,['별판 처리: 2개 블록을 1개 통합 블록으로 처리'],['P5#17'],['SUBASSEMBLY_FAMILY'],['INFO'],0,[],0,2025-12-06 12:48,2025-12-07 02:27,2025-12-07 10:57,2025-12-06 12:48,2025-12-07 10:57,2025-12-06 08:00,2025-12-07 10:57,1617.1,26.95,30.0,41.0,14.4,28.6,45.0,104.4,31.4,64.1,,,True,2,73,True,True,True,0
20251206,71,170,BLK_73P,P,fixed,F_7,F_7,2025-12-09,16.5,22,4,0,False,7,35A,35A,False,358.9,True,False,False,False,NORMAL,True,ASSEMBLY,20251206,9,0,0,0,0,0,[],[],[],[],[],[],[],[],[],[],0,[],[],[],[],0,[],0,2025-12-06 12:48,2025-12-07 02:27,2025-12-07 10:57,2025-12-06 12:48,2025-12-07 10:57,2025-12-06 08:00,2025-12-07 10:57,1617.1,26.95,30.0,41.0,14.4,28.6,45.0,104.4,31.4,64.1,,,True,2,73,True,False,False,0
20251207,72,81,BLK_81S,S,fixed,F_5,F_5,2025-12-09,10.4,8,1,4,False,4,36B,36B,False,490.8,True,False,False,False,NORMAL,False,ASSEMBLY,20251207,11,0,0,0,0,0,[],[],[],[],[],[],[],[],[],[],0,[],[],[],[],0,[],0,2025-12-07 08:00,2025-12-07 08:39,2025-12-07 16:10,2025-12-07 08:00,2025-12-07 16:10,2025-12-07 08:00,2025-12-07 16:10,490.8,8.18,39.6,163.4,14.4,129.4,50.0,45.6,21.4,27.1,,,True,1,81,False,True,True,0
20251207,73,83,BLK_83P,P,fixed,F_7,F_7,2025-12-09,17.2,17,5,0,False,7,35A,35A,False,324.1,True,False,False,False,NORMAL,False,ASSEMBLY,20251207,12,0,0,0,0,0,[],['WARNING'],[],[],[],[],[],[],[],[],0,[],[],[],[],0,[],0,2025-12-07 08:39,2025-12-07 11:22,2025-12-07 18:07,2025-12-07 08:39,2025-12-07 18:07,2025-12-07 08:00,2025-12-07 18:07,607.7,10.13,36.0,38.0,14.4,24.7,48.8,83.4,27.8,50.9,,,True,1,83,False,True,True,0
20251207,74,84,BLK_84P,P,fixed,F_8,F_8,2025-12-09,19.7,21,5,0,False,9,36B,36B,False,358.7,True,False,False,False,NORMAL,True,ASSEMBLY,20251207,13,0,1,0,0,1,[],[],[],[],['P5#17'],['SUBASSEMBLY_FAMILY'],[],[],[],[],1,['별판 처리: 2개 블록을 1개 통합 블록으로 처리'],['P5#17'],['SUBASSEMBLY_FAMILY'],['INFO'],0,[],0,2025-12-07 09:15,2025-12-07 12:00,2025-12-07 19:29,2025-12-07 09:15,2025-12-07 19:29,2025-12-07 08:00,2025-12-07 19:29,689.4,11.49,36.0,38.8,14.4,25.7,51.4,100.2,30.7,61.4,,,True,2,84,True,True,True,0
20251207,74,169,BLK_84P,P,fixed,F_8,F_8,2025-12-09,19.7,21,5,0,False,9,36B,36B,False,358.7,True,False,False,False,NORMAL,True,ASSEMBLY,20251207,13,0,0,0,0,0,[],[],[],[],[],[],[],[],[],[],0,[],[],[],[],0,[],0,2025-12-07 09:15,2025-12-07 12:00,2025-12-07 19:29,2025-12-07 09:15,2025-12-07 19:29,2025-12-07 08:00,2025-12-07 19:29,689.4,11.49,36.0,38.8,14.4,25.7,51.4,100.2,30.7,61.4,,,True,2,84,True,False,False,0
20251207,75,91,BLK_91S,S,fixed,F_5,F_5,2025-12-09,14.6,22,4,0,False,6,35A,35A,False,354.2,True,False,False,False,NORMAL,False,ASSEMBLY,20251207,14,0,0,0,0,0,[],['WARNING'],[],[],[],[],[],[],[],[],0,[],[],[],[],0,[],0,2025-12-07 09:51,2025-12-07 12:39,2025-12-07 20:19,2025-12-07 09:51,2025-12-07 20:19,2025-12-07 08:00,2025-12-07 20:19,739.8,12.33,30.0,39.9,14.4,27.1,42.9,104.4,31.4,64.1,,,True,1,91,False,True,True,0
20251207,76,93,BLK_93C,C,fixed,F_7,F_7,2025-12-09,17.5,8,2,2,False,5,36B,36B,False,419.9,True,False,False,False,NORMAL,False,ASSEMBLY,20251207,15,0,0,0,0,0,[],[],[],[],[],[],[],[],[],[],0,[],[],[],[],0,[],0,2025-12-07 10:21,2025-12-07 13:19,2025-12-07 19:56,2025-12-07 10:21,2025-12-07 19:56,2025-12-07 08:00,2025-12-07 20:19,739.8,12.33,42.0,131.4,14.4,93.3,44.7,45.6,21.4,27.1,,,True,1,93,False,True,True,0
20251207,77,113,BLK_113P,P,fixed,F_7,F_7,2025-12-09,20.9,24,6,0,False,10,35A,35A,False,381.0,True,False,False,False,NORMAL,False,ASSEMBLY,20251207,19,0,0,0,0,0,[],['WARNING'],[],[],[],[],[],[],[],[],0,[],[],[],[],0,[],0,2025-12-07 11:03,2025-12-07 15:31,2025-12-07 22:37,2025-12-07 11:03,2025-12-07 22:37,2025-12-07 08:00,2025-12-07 22:37,877.6,14.63,36.0,35.3,14.4,21.1,59.1,112.8,32.9,69.4,,,True,1,113,False,True,True,0
20251207,78,88,BLK_88P,P,fixed,F_2,F_2,2025-12-08,5.7,8,1,1,False,2,36B,36B,False,409.3,True,False,False,False,NORMAL,False,ASSEMBLY,20251207,6,0,0,0,0,0,[],[],[],[],[],[],[],[],[],[],0,[],[],[],[],0,[],0,2025-12-07 11:39,2025-12-07 16:06,2025-12-07 22:31,2025-12-07 11:39,2025-12-07 22:31,2025-12-07 08:00,2025-12-07 22:37,877.6,14.63,24.0,138.5,14.4,111.6,31.5,45.6,16.6,27.1,,,True,1,88,False,True,True,0
20251207,79,103,BLK_103P,P,fixed,F_7,F_7,2025-12-09,13.7,13,2,0,False,6,35A,35A,False,333.6,True,False,False,False,NORMAL,False,ASSEMBLY,20251207,17,0,0,0,0,0,[],['WARNING'],[],[],[],[],[],[],[],[],0,[],[],[],[],0,[],0,2025-12-07 12:03,2025-12-07 18:24,2025-12-08 00:20,2025-12-07 12:03,2025-12-08 00:20,2025-12-07 08:00,2025-12-08 00:20,980.3,16.34,24.0,65.8,14.4,61.3,36.3,66.6,25.0,40.3,,,True,1,103,False,True,True,0
20251207,80,107,BLK_107S,S,fixed,F_10,F_10,2025-12-09,30.3,24,8,2,False,12,36B,36B,False,735.5,True,False,False,False,NORMAL,False,ASSEMBLY,20251207,18,0,0,0,0,0,[],[],[],[],[],[],[],[],[],[],0,[],[],[],[],0,[],0,2025-12-07 12:27,2025-12-07 19:30,2025-12-08 06:43,2025-12-07 12:27,2025-12-08 06:43,2025-12-07 08:00,2025-12-08 06:43,1363.9,22.73,62.4,189.1,14.4,164.5,90.1,112.8,32.9,69.4,,,True,1,107,False,True,True,0
20251207,81,94,BLK_94S,S,fixed,F_8,F_8,2025-12-09,13.0,16,2,0,False,5,35A,35A,False,319.6,True,False,False,False,NORMAL,False,ASSEMBLY,20251207,16,0,0,0,0,0,[],['WARNING'],[],[],[],[],[],[],[],[],0,[],[],[],[],0,[],0,2025-12-07 13:30,2025-12-07 22:39,2025-12-08 06:19,2025-12-07 13:30,2025-12-08 06:19,2025-12-07 08:00,2025-12-08 06:43,1363.9,22.73,24.0,50.1,14.4,40.6,35.9,79.2,27.1,48.2,,,True,1,94,False,True,True,0
20251208,82,70,BLK_70C,C,fixed,F_4,F_4,2025-12-10,8.6,8,1,0,False,4,36B,36B,False,404.8,True,False,False,False,NORMAL,False,ASSEMBLY,20251208,4,0,0,0,0,0,[],[],[],[],[],[],[],[],[],[],0,[],[],[],[],0,[],0,2025-12-08 08:00,2025-12-08 08:32,2025-12-08 14:44,2025-12-08 08:00,2025-12-08 14:44,2025-12-08 08:00,2025-12-08 14:44,404.8,6.75,32.4,135.1,14.4,96.2,36.8,47.3,18.1,24.5,,,True,1,70,False,True,True,0
20251208,83,134,BLK_134P,P,fixed,F_8,F_8,2025-12-09,17.2,17,5,1,False,8,35A,35A,False,504.2,True,False,False,False,NORMAL,False,ASSEMBLY,20251208,23,0,0,0,0,0,[],['WARNING'],[],[],[],[],[],[],[],[],0,[],[],[],[],0,[],0,2025-12-08 08:32,2025-12-08 10:47,2025-12-08 18:26,2025-12-08 08:32,2025-12-08 18:26,2025-12-08 08:00,2025-12-08 18:26,626.1,10.43,45.6,125.7,14.4,99.9,56.4,83.4,27.8,50.9,,,True,1,134,False,True,True,0
20251208,84,164,BLK_57S,S,line,L_1,L_11,2025-12-09,13.2,10,5,0,False,6,36B,36B,False,262.1,True,False,False,False,NORMAL,False,ASSEMBLY,20251208,24,0,0,0,0,0,[],[],[],[],[],[],[],[],[],[],0,[],[],[],[],0,[],0,2025-12-08 09:18,2025-12-08 12:53,2025-12-08 18:20,2025-12-08 09:18,2025-12-08 18:20,2025-12-08 08:00,2025-12-08 18:26,626.1,10.43,36.0,34.9,14.4,20.6,47.1,54.0,22.8,32.4,,,True,1,164,False,True,True,0
20251208,85,51,BLK_51P,P,line,L_2,L_21,2025-12-10,6.4,10,2,0,False,4,35A,35A,False,243.9,True,False,False,False,NORMAL,False,ASSEMBLY,20251208,1,0,0,0,0,0,[],['WARNING'],[],[],[],[],[],[],[],[],0,[],[],[],[],0,[],0,2025-12-08 09:54,2025-12-08 13:28,2025-12-08 18:58,2025-12-08 09:54,2025-12-08 18:58,2025-12-08 08:00,2025-12-08 18:58,658.5,10.97,24.0,41.0,14.4,28.6,31.4,54.0,18.0,32.4,,,True,1,51,False,True,True,0
20251208,86,59,BLK_59S,S,line,L_2,L_21,2025-12-10,7.1,9,2,3,False,3,36B,36B,False,448.2,True,False,False,False,NORMAL,False,ASSEMBLY,20251208,2,0,0,0,0,0,[],[],[],[],[],[],[],[],[],[],0,[],[],[],[],0,[],0,2025-12-08 10:18,2025-12-08 14:09,2025-12-08 20:55,2025-12-08 10:18,2025-12-08 20:55,2025-12-08 08:00,2025-12-08 20:55,775.3,12.92,42.0,144.6,14.4,101.5,48.8,49.8,17.3,29.8,,,True,1,59,False,True,True,0
20251208,87,80,BLK_80C,C,fixed,F_4,F_4,2025-12-10,18.3,17,6,0,False,9,35A,35A,False,320.8,True,False,False,False,NORMAL,False,ASSEMBLY,20251208,7,0,0,0,0,0,[],['WARNING'],[],[],[],[],[],[],[],[],0,[],[],[],[],0,[],0,2025-12-08 11:00,2025-12-08 16:33,2025-12-08 22:54,2025-12-08 11:00,2025-12-08 22:54,2025-12-08 08:00,2025-12-08 22:54,894.6,14.91,36.0,34.4,14.4,19.9,54.1,83.4,27.8,50.9,,,True,1,80,False,True,True,0
20251208,88,16,BLK_16C,C,line,L_2,L_22,2025-12-11,10.4,10,2,1,False,5,36B,36B,False,404.4,True,False,False,False,NORMAL,False,ASSEMBLY,20251208,4,0,0,0,0,0,[],[],[],[],[],[],[],[],[],[],0,[],[],[],[],0,[],0,2025-12-08 11:36,2025-12-08 17:08,2025-12-08 23:18,2025-12-08 11:36,2025-12-08 23:18,2025-12-08 08:00,2025-12-08 23:18,918.8,15.31,33.6,116.7,14.4,91.7,38.7,54.0,22.8,32.4,,,True,1,16,False,True,True,0
20251208,89,72,BLK_72C,C,fixed,F_6,F_6,2025-12-10,12.4,15,5,0,False,7,35A,35A,False,689.2,True,False,False,False,NORMAL,False,ASSEMBLY,20251208,5,0,0,0,0,0,[],['WARNING'],[],[],[],[],[],[],[],[],0,[],[],[],[],0,[],0,2025-12-08 12:09,2025-12-08 19:04,2025-12-09 05:39,2025-12-08 12:09,2025-12-09 05:39,2025-12-08 08:00,2025-12-09 05:39,1299.9,21.67,54.0,219.6,14.4,193.7,60.5,75.0,26.4,45.6,,,True,1,72,False,True,True,0
20251208,90,117,BLK_117C,C,fixed,F_10,F_10,2025-12-09,20.3,15,4,1,False,9,36B,36B,False,547.7,True,False,False,False,NORMAL,False,ASSEMBLY,20251208,21,0,0,0,0,0,[],[],[],[],[],[],[],[],[],[],0,[],[],[],[],0,[],0,2025-12-08 13:03,2025-12-08 22:44,2025-12-09 07:45,2025-12-08 13:03,2025-12-09 07:45,2025-12-08 08:00,2025-12-09 07:45,1425.2,23.75,39.6,160.8,14.4,132.0,53.9,75.0,26.4,45.6,,,True,1,117,False,True,True,0
20251208,91,75,BLK_75C,C,fixed,F_9,F_9,2025-12-10,23.6,25,5,0,False,11,36B,36B,False,447.4,True,False,False,False,NORMAL,False,ASSEMBLY,20251208,6,0,0,0,0,0,[],['WARNING'],[],[],[],[],[],[],[],[],0,[],[],[],[],0,[],0,2025-12-08 13:43,2025-12-09 01:25,2025-12-09 10:15,2025-12-08 13:43,2025-12-09 10:15,2025-12-08 08:00,2025-12-09 10:15,1575.8,26.26,54.0,49.6,14.4,39.9,66.9,117.0,33.6,72.0,,,True,1,75,False,True,True,0
20251208,92,21,BLK_21C,C,line,L_1,L_11,2025-12-09,6.7,7,1,1,False,1,35A,35A,False,408.5,True,False,False,False,NORMAL,False,ASSEMBLY,20251208,1,0,0,0,0,0,[],['WARNING'],[],[],[],[],[],[],[],[],0,[],[],[],[],0,[],0,2025-12-08 14:37,2025-12-09 02:14,2025-12-09 09:05,2025-12-08 14:37,2025-12-09 09:05,2025-12-08 08:00,2025-12-09 10:15,1575.8,26.26,24.0,129.2,14.4,129.0,30.2,41.4,15.8,24.5,,,True,1,21,False,True,True,0
20251208,93,85,BLK_85S,S,fixed,F_9,F_9,2025-12-10,17.3,19,4,0,False,7,36B,36B,False,341.5,True,False,False,False,NORMAL,False,ASSEMBLY,20251208,9,0,0,0,0,0,[],[],[],[],[],[],[],[],[],[],0,[],[],[],[],0,[],0,2025-12-08 15:01,2025-12-09 04:23,2025-12-09 11:27,2025-12-08 15:01,2025-12-09 11:27,2025-12-08 08:00,2025-12-09 11:27,1647.5,27.46,30.0,43.2,14.4,31.5,45.1,91.8,29.3,56.2,,,True,1,85,False,True,True,0
20251208,94,82,BLK_82C,C,fixed,F_6,F_6,2025-12-10,12.6,15,2,0,False,5,35A,35A,False,307.2,True,False,False,False,NORMAL,False,ASSEMBLY,20251208,8,0,0,0,0,0,[],['WARNING'],[],[],[],[],[],[],[],[],0,[],[],[],[],0,[],0,2025-12-08 15:31,2025-12-09 05:07,2025-12-09 11:31,2025-12-08 15:31,2025-12-09 11:31,2025-12-08 08:00,2025-12-09 11:31,1651.8,27.53,24.0,48.5,14.4,38.4,34.9,75.0,26.4,45.6,,,True,1,82,False,True,True,0
20251208,95,90,BLK_90C,C,fixed,F_4,F_4,2025-12-10,5.7,5,2,2,False,1,36B,36B,False,378.0,True,False,False,False,NORMAL,False,ASSEMBLY,20251208,10,0,0,0,0,0,[],[],[],[],[],[],[],[],[],[],0,[],[],[],[],0,[],0,2025-12-08 15:55,2025-12-09 05:55,2025-12-09 11:46,2025-12-08 15:55,2025-12-09 11:46,2025-12-08 08:00,2025-12-09 11:46,1666.7,27.78,42.0,124.9,14.4,88.0,42.1,33.0,14.4,19.2,,,True,1,90,False,True,True,0
20251208,96,92,BLK_92P,P,fixed,F_6,F_6,2025-12-10,17.5,15,4,0,False,6,35A,35A,False,294.3,True,False,False,False,NORMAL,False,ASSEMBLY,20251208,11,0,0,0,0,0,[],['WARNING'],[],[],[],[],[],[],[],[],0,[],[],[],[],0,[],0,2025-12-08 16:37,2025-12-09 08:00,2025-12-09 13:44,2025-12-08 16:37,2025-12-09 13:44,2025-12-08 08:00,2025-12-09 13:44,1784.6,29.74,30.0,36.3,14.4,22.4,44.2,75.0,26.4,45.6,,,True,1,92,False,True,True,0
20251208,97,95,BLK_95S,S,fixed,F_9,F_9,2025-12-10,16.4,18,2,0,False,4,36B,36B,False,367.5,True,False,False,False,NORMAL,False,ASSEMBLY,20251208,12,0,0,0,0,0,[],[],[],[],[],[],[],[],[],[],0,[],[],[],[],0,[],0,2025-12-08 17:07,2025-12-09 08:36,2025-12-09 14:43,2025-12-08 17:07,2025-12-09 14:43,2025-12-08 08:00,2025-12-09 14:43,1843.5,30.72,24.0,64.1,14.4,59.1,36.2,87.6,28.6,53.5,,,True,1,95,False,True,True,0
20251208,98,131,BLK_131S,S,fixed,F_5,F_5,2025-12-11,7.8,6,1,1,False,2,35A,35A,False,338.4,True,False,False,False,NORMAL,False,ASSEMBLY,20251208,37,0,0,0,0,0,[],['WARNING'],[],[],[],[],[],[],[],[],0,[],[],[],[],0,[],0,2025-12-08 17:31,2025-12-09 09:40,2025-12-09 14:55,2025-12-08 17:31,2025-12-09 14:55,2025-12-08 08:00,2025-12-09 14:55,1855.4,30.92,24.0,109.6,14.4,85.3,31.0,37.2,15.1,21.8,,,True,1,131,False,True,True,0
20251208,99,102,BLK_102P,P,fixed,F_6,F_6,2025-12-10,24.5,27,7,0,False,11,36B,36B,False,456.7,True,False,False,False,NORMAL,False,ASSEMBLY,20251208,14,0,0,0,0,0,[],[],[],[],[],[],[],[],[],[],0,[],[],[],[],0,[],0,2025-12-08 17:55,2025-12-09 11:30,2025-12-09 18:51,2025-12-08 17:55,2025-12-09 18:51,2025-12-08 08:00,2025-12-09 18:51,2091.8,34.86,54.0,46.7,14.4,36.2,67.7,125.4,35.0,77.3,,,True,1,102,False,True,True,0
20251208,100,104,BLK_104S,S,fixed,F_8,F_8,2025-12-10,20.9,21,5,0,False,8,35A,35A,False,356.8,True,False,False,False,NORMAL,False,ASSEMBLY,20251208,15,0,1,0,0,1,[],['WARNING'],[],[],['P5#9'],['CAPACITY_FAMILY'],[],[],[],[],1,['P5#9 조건 충족: 72심 초과지만 19/17블록 → 허용 (현재 75/75심)'],['P5#9'],['CAPACITY_FAMILY'],['INFO'],0,[],0,2025-12-08 18:49,2025-12-09 12:17,2025-12-09 18:58,2025-12-08 18:49,2025-12-09 18:58,2025-12-08 08:00,2025-12-09 18:58,2099.0,34.98,36.0,37.5,14.4,24.0,52.5,100.2,30.7,61.4,,,True,1,104,False,True,True,0
20251209,101,105,BLK_105P,P,fixed,F_9,F_9,2025-12-10,13.1,13,2,0,False,1,36B,36B,False,342.5,True,False,False,False,NORMAL,False,ASSEMBLY,20251209,16,0,0,0,0,0,[],[],[],[],[],[],[],[],[],[],0,[],[],[],[],0,[],0,2025-12-09 08:00,2025-12-09 12:54,2025-12-09 19:32,2025-12-09 08:00,2025-12-09 19:32,2025-12-09 08:00,2025-12-09 19:32,692.1,11.54,24.0,69.6,14.4,66.3,36.3,66.6,25.0,40.3,,,True,1,105,False,True,True,0
20251209,102,110,BLK_110S,S,fixed,F_4,F_4,2025-12-10,15.8,14,5,4,False,6,35A,35A,False,612.1,True,False,False,False,NORMAL,False,ASSEMBLY,20251209,17,0,0,0,0,0,[],['WARNING'],[],[],[],[],[],[],[],[],0,[],[],[],[],0,[],0,2025-12-09 08:24,2025-12-09 14:04,2025-12-09 23:15,2025-12-09 08:24,2025-12-09 23:15,2025-12-09 08:00,2025-12-09 23:15,915.3,15.26,61.2,188.8,14.4,137.2,71.0,70.8,25.7,43.0,,,True,1,110,False,True,True,0
20251209,103,154,BLK_154S,S,fixed,F_8,F_8,2025-12-10,17.2,20,6,0,False,8,36B,36B,False,350.2,True,False,False,False,NORMAL,False,ASSEMBLY,20251209,22,0,0,0,0,0,[],[],[],[],[],[],[],[],[],[],0,[],[],[],[],0,[],0,2025-12-09 09:25,2025-12-09 17:13,2025-12-10 00:56,2025-12-09 09:25,2025-12-10 00:56,2025-12-09 08:00,2025-12-10 00:56,1016.8,16.95,36.0,36.4,14.4,22.5,56.1,96.0,30.0,58.8,,,True,1,154,False,True,True,0
20251209,104,124,BLK_124C,C,fixed,F_8,F_8,2025-12-10,6.7,7,2,0,False,4,35A,35A,False,239.7,True,False,False,False,NORMAL,False,ASSEMBLY,20251209,19,0,0,0,0,0,[],['WARNING'],[],[],[],[],[],[],[],[],0,[],[],[],[],0,[],0,2025-12-09 10:01,2025-12-09 17:49,2025-12-09 23:44,2025-12-09 10:01,2025-12-09 23:44,2025-12-09 08:00,2025-12-10 00:56,1016.8,16.95,24.0,49.3,14.4,39.6,30.7,41.4,15.8,24.5,,,True,1,124,False,True,True,0
20251209,105,132,BLK_132S,S,fixed,F_6,F_6,2025-12-10,17.5,17,4,1,False,5,36B,36B,False,520.8,True,False,False,False,NORMAL,False,ASSEMBLY,20251209,20,0,0,0,0,0,[],[],[],[],[],[],[],[],[],[],0,[],[],[],[],0,[],0,2025-12-09 10:25,2025-12-09 18:38,2025-12-10 02:40,2025-12-09 10:25,2025-12-10 02:40,2025-12-09 08:00,2025-12-10 02:40,1120.1,18.67,39.6,140.7,14.4,113.6,50.5,83.4,27.8,50.9,,,True,1,132,False,True,True,0
20251209,106,36,BLK_36C,C,line,L_2,L_22,2025-12-11,6.4,11,1,0,False,4,35A,35A,False,245.2,True,False,False,False,NORMAL,False,ASSEMBLY,20251209,9,0,0,0,0,0,[],['WARNING'],[],[],[],[],[],[],[],[],0,[],[],[],[],0,[],0,2025-12-09 11:04,2025-12-09 20:59,2025-12-10 02:19,2025-12-09 11:04,2025-12-10 02:19,2025-12-09 08:00,2025-12-10 02:40,1120.1,18.67,14.4,43.5,14.4,31.8,24.4,58.2,23.5,35.0,,,True,1,36,False,True,True,0
20251209,107,146,BLK_146P,P,fixed,F_1,F_1,2025-12-07,17.3,16,5,1,False,7,36B,36B,False,457.9,True,False,False,False,NORMAL,False,ASSEMBLY,20251209,3,0,0,0,0,0,[],[],[],[],[],[],[],[],[],[],0,[],[],[],[],0,[],0,2025-12-09 11:19,2025-12-09 21:43,2025-12-10 04:35,2025-12-09 11:19,2025-12-10 04:35,2025-12-09 08:00,2025-12-10 04:35,1235.3,20.59,45.6,106.3,14.4,82.2,54.8,79.2,27.1,48.2,,,True,1,146,False,True,True,0
20251209,108,4,BLK_4C,C,line,L_2,L_22,2025-12-11,12.5,18,4,0,False,5,35A,35A,False,339.9,True,False,False,False,NORMAL,False,ASSEMBLY,20251209,1,0,0,0,0,0,[],['WARNING'],[],[],[],[],[],[],[],[],0,[],[],[],[],0,[],0,2025-12-09 12:04,2025-12-09 23:29,2025-12-10 05:32,2025-12-09 12:04,2025-12-10 05:32,2025-12-09 08:00,2025-12-10 05:32,1292.2,21.54,30.0,47.2,14.4,36.8,41.8,87.6,28.6,53.5,,,True,1,4,False,True,True,0
20251209,109,135,BLK_135C,C,fixed,F_9,F_9,2025-12-11,5.9,8,1,2,False,4,36B,36B,False,480.9,True,False,False,False,NORMAL,False,ASSEMBLY,20251209,39,0,0,0,0,0,[],[],[],[],[],[],[],[],[],[],0,[],[],[],[],0,[],0,2025-12-09 12:34,2025-12-10 00:16,2025-12-10 07:45,2025-12-09 12:34,2025-12-10 07:45,2025-12-09 08:00,2025-12-10 07:45,1425.0,23.75,32.4,177.3,14.4,130.0,37.4,45.6,16.6,27.1,,,True,1,135,False,True,True,0
20251209,110,63,BLK_63P,P,line,L_2,L_21,2025-12-10,13.7,10,4,0,False,7,35A,35A,False,260.9,True,False,False,False,NORMAL,False,ASSEMBLY,20251209,3,0,0,0,0,0,[],['WARNING'],[],[],[],[],[],[],[],[],0,[],[],[],[],0,[],0,2025-12-09 13:07,2025-12-10 03:13,2025-12-10 08:45,2025-12-09 13:07,2025-12-10 08:45,2025-12-09 08:00,2025-12-10 08:45,1485.0,24.75,30.0,40.0,14.4,27.3,40.1,54.0,22.8,32.4,,,True,1,63,False,True,True,0
20251209,111,99,BLK_99S,S,fixed,F_3,F_3,2025-12-11,14.7,8,4,0,False,5,36B,36B,False,239.9,True,False,False,False,NORMAL,False,ASSEMBLY,20251209,24,0,0,0,0,0,[],[],[],[],[],[],[],[],[],[],0,[],[],[],[],0,[],0,2025-12-09 13:37,2025-12-10 03:53,2025-12-10 09:09,2025-12-09 13:37,2025-12-10 09:09,2025-12-09 08:00,2025-12-10 09:09,1510.0,25.17,30.0,37.4,14.4,23.9,40.0,45.6,21.4,27.1,,,True,1,99,False,True,True,0
20251209,112,20,BLK_20S,S,line,L_2,L_22,2025-12-11,14.7,11,2,1,False,7,35A,35A,False,416.2,True,False,False,False,NORMAL,False,ASSEMBLY,20251209,5,0,0,0,0,0,[],['WARNING'],[],[],[],[],[],[],[],[],0,[],[],[],[],0,[],0,2025-12-09 14:07,2025-12-10 04:31,2025-12-10 10:53,2025-12-09 14:07,2025-12-10 10:53,2025-12-09 08:00,2025-12-10 10:53,1613.9,26.9,33.6,118.9,14.4,93.7,38.9,58.2,23.5,35.0,,,True,1,20,False,True,True,0
20251209,113,79,BLK_79C,C,fixed,F_3,F_3,2025-12-11,22.5,20,5,0,False,8,36B,36B,False,348.7,True,False,False,False,NORMAL,False,ASSEMBLY,20251209,22,0,0,0,0,0,[],[],[],[],[],[],[],[],[],[],0,[],[],[],[],0,[],0,2025-12-09 14:40,2025-12-10 06:30,2025-12-10 12:52,2025-12-09 14:40,2025-12-10 12:52,2025-12-09 08:00,2025-12-10 12:52,1732.7,28.88,36.0,38.1,14.4,24.7,50.7,96.0,30.0,58.8,,,True,1,79,False,True,True,0
20251209,114,119,BLK_119P,P,fixed,F_3,F_3,2025-12-11,12.4,15,2,2,False,6,35A,35A,False,649.4,True,False,False,False,NORMAL,False,ASSEMBLY,20251209,29,0,0,0,0,0,[],['WARNING'],[],[],[],[],[],[],[],[],0,[],[],[],[],0,[],0,2025-12-09 15:16,2025-12-10 07:08,2025-12-10 17:15,2025-12-09 15:16,2025-12-10 17:15,2025-12-09 08:00,2025-12-10 17:15,1995.7,33.26,42.0,211.9,14.4,186.3,47.7,75.0,26.4,45.6,,,True,1,119,False,True,True,0
20251209,115,144,BLK_144S,S,fixed,F_8,F_8,2025-12-10,13.2,13,2,0,False,6,36B,36B,False,283.0,True,False,False,False,NORMAL,False,ASSEMBLY,20251209,21,0,0,0,0,0,[],[],[],[],[],[],[],[],[],[],0,[],[],[],[],0,[],0,2025-12-09 15:58,2025-12-10 10:40,2025-12-10 17:37,2025-12-09 15:58,2025-12-10 17:37,2025-12-09 08:00,2025-12-10 17:37,2017.2,33.62,24.0,43.8,14.4,32.3,36.6,66.6,25.0,40.3,,,True,1,144,False,True,True,0
20251209,116,37,BLK_37P,P,line,L_1,L_11,2025-12-11,10.8,7,2,2,False,6,35A,35A,False,460.8,True,False,False,False,NORMAL,False,ASSEMBLY,20251209,10,0,0,0,0,0,[],['WARNING'],[],[],[],[],[],[],[],[],0,[],[],[],[],0,[],0,2025-12-09 16:22,2025-12-10 11:24,2025-12-10 18:49,2025-12-09 16:22,2025-12-10 18:49,2025-12-09 08:00,2025-12-10 18:49,2089.9,34.83,42.0,147.8,14.4,125.0,45.1,41.4,20.6,24.5,,,True,1,37,False,True,True,0
20251209,117,149,BLK_149P,P,fixed,F_3,F_3,2025-12-11,19.0,15,6,0,False,7,36B,36B,False,299.5,True,False,False,False,NORMAL,False,ASSEMBLY,20251209,49,0,0,0,0,0,[],[],[],[],[],[],[],[],[],[],0,[],[],[],[],0,[],0,2025-12-09 17:04,2025-12-10 13:51,2025-12-10 20:41,2025-12-09 17:04,2025-12-10 20:41,2025-12-09 08:00,2025-12-10 20:41,2201.5,36.69,36.0,32.9,14.4,18.0,51.2,75.0,26.4,45.6,,,True,1,149,False,True,True,0
20251209,118,44,BLK_44S,S,line,L_2,L_22,2025-12-11,16.3,16,5,0,False,8,35A,35A,False,315.5,True,False,False,False,NORMAL,False,ASSEMBLY,20251209,12,0,1,0,0,1,[],['WARNING'],[],[],['P5#9'],['CAPACITY_FAMILY'],[],[],[],[],1,['P5#9 조건 충족: 72심 초과지만 18/17블록 → 허용 (현재 75/75심)'],['P5#9'],['CAPACITY_FAMILY'],['INFO'],0,[],0,2025-12-09 17:40,2025-12-10 14:24,2025-12-10 21:39,2025-12-09 17:40,2025-12-10 21:39,2025-12-09 08:00,2025-12-10 21:39,2259.3,37.65,36.0,37.0,14.4,23.3,50.2,79.2,27.1,48.2,,,True,1,44,False,True,True,0
20251210,119,49,BLK_49P,P,line,L_1,L_11,2025-12-11,11.2,10,4,1,False,6,36B,36B,False,402.3,True,False,False,False,NORMAL,False,ASSEMBLY,20251210,14,0,0,0,0,0,[],[],[],[],[],[],[],[],[],[],0,[],[],[],[],0,[],0,2025-12-10 08:00,2025-12-10 15:01,2025-12-10 21:41,2025-12-10 08:00,2025-12-10 21:41,2025-12-10 08:00,2025-12-10 21:41,821.2,13.69,39.6,108.0,14.4,83.8,47.3,54.0,22.8,32.4,,,True,1,49,False,True,True,0
20251210,120,52,BLK_52P,P,line,L_2,L_22,2025-12-11,7.1,10,1,0,False,1,35A,35A,False,300.7,True,False,False,False,NORMAL,False,ASSEMBLY,20251210,15,0,0,0,0,0,[],['WARNING'],[],[],[],[],[],[],[],[],0,[],[],[],[],0,[],0,2025-12-10 08:39,2025-12-10 16:49,2025-12-10 22:11,2025-12-10 08:39,2025-12-10 22:11,2025-12-10 08:00,2025-12-10 22:11,851.7,14.19,14.4,71.9,14.4,69.3,26.3,54.0,18.0,32.4,,,True,1,52,False,True,True,0
20251210,121,56,BLK_56P,P,line,L_2,L_22,2025-12-11,16.3,12,2,1,False,5,36B,36B,False,450.9,True,False,False,False,NORMAL,False,ASSEMBLY,20251210,16,0,0,0,0,0,[],[],[],[],[],[],[],[],[],[],0,[],[],[],[],0,[],0,2025-12-10 08:54,2025-12-10 18:01,2025-12-11 00:58,2025-12-10 08:54,2025-12-11 00:58,2025-12-10 08:00,2025-12-11 00:58,1018.9,16.98,33.6,132.0,14.4,105.7,40.9,62.4,24.2,37.7,,,True,1,56,False,True,True,0
20251210,122,61,BLK_61C,C,line,L_1,L_11,2025-12-11,19.0,8,4,0,False,6,35A,35A,False,230.0,True,False,False,False,NORMAL,False,ASSEMBLY,20251210,18,0,0,0,0,0,[],['WARNING'],[],[],[],[],[],[],[],[],0,[],[],[],[],0,[],0,2025-12-10 09:27,2025-12-10 20:13,2025-12-11 01:07,2025-12-10 09:27,2025-12-11 01:07,2025-12-10 08:00,2025-12-11 01:07,1027.8,17.13,30.0,33.6,14.4,18.8,39.2,45.6,21.4,27.1,,,True,1,61,False,True,True,0
20251210,123,125,BLK_125C,C,fixed,F_9,F_9,2025-12-11,18.3,24,4,0,False,8,36B,36B,False,378.1,True,False,False,False,NORMAL,False,ASSEMBLY,20251210,33,0,0,0,0,0,[],[],[],[],[],[],[],[],[],[],0,[],[],[],[],0,[],0,2025-12-10 09:57,2025-12-10 20:47,2025-12-11 03:54,2025-12-10 09:57,2025-12-11 03:54,2025-12-10 08:00,2025-12-11 03:54,1194.9,19.91,30.0,42.3,14.4,30.3,46.1,112.8,32.9,69.4,,,True,1,125,False,True,True,0
20251210,124,64,BLK_64C,C,line,L_2,L_22,2025-12-11,14.3,19,5,0,False,8,35A,35A,False,340.0,True,False,False,False,NORMAL,False,ASSEMBLY,20251210,19,0,0,0,0,0,[],['WARNING'],[],[],[],[],[],[],[],[],0,[],[],[],[],0,[],0,2025-12-10 10:27,2025-12-10 21:29,2025-12-11 04:06,2025-12-10 10:27,2025-12-11 04:06,2025-12-10 08:00,2025-12-11 04:06,1206.6,20.11,36.0,38.1,14.4,24.8,49.5,91.8,29.3,56.2,,,True,1,64,False,True,True,0
20251210,125,65,BLK_65S,S,line,L_1,L_11,2025-12-11,5.7,5,1,0,False,3,36B,36B,False,198.7,True,False,False,False,NORMAL,False,ASSEMBLY,20251210,20,0,0,0,0,0,[],[],[],[],[],[],[],[],[],[],0,[],[],[],[],0,[],0,2025-12-10 11:03,2025-12-10 22:07,2025-12-11 04:14,2025-12-10 11:03,2025-12-11 04:14,2025-12-10 08:00,2025-12-11 04:14,1214.1,20.23,14.4,45.0,14.4,33.9,24.4,33.0,14.4,19.2,,,True,1,65,False,True,True,0
20251210,126,155,BLK_155S,S,fixed,F_9,F_9,2025-12-11,19.8,18,5,0,False,7,35A,35A,False,334.5,True,False,False,False,NORMAL,False,ASSEMBLY,20251210,54,0,0,0,0,0,[],['WARNING'],[],[],[],[],[],[],[],[],0,[],[],[],[],0,[],0,2025-12-10 11:18,2025-12-10 22:52,2025-12-11 05:30,2025-12-10 11:18,2025-12-11 05:30,2025-12-10 08:00,2025-12-11 05:30,1290.8,21.51,36.0,38.8,14.4,25.8,49.8,87.6,28.6,53.5,,,True,1,155,False,True,True,0
20251210,127,24,BLK_24S,S,line,L_2,L_22,2025-12-11,13.1,14,2,1,False,5,36B,36B,False,503.7,True,False,False,False,NORMAL,False,ASSEMBLY,20251210,6,0,0,0,0,0,[],[],[],[],[],[],[],[],[],[],0,[],[],[],[],0,[],0,2025-12-10 11:54,2025-12-10 23:31,2025-12-11 07:21,2025-12-10 11:54,2025-12-11 07:21,2025-12-10 08:00,2025-12-11 07:21,1401.6,23.36,33.6,150.8,14.4,122.8,42.6,70.8,25.7,43.0,,,True,1,24,False,True,True,0
20251210,128,8,BLK_8P,P,line,L_2,L_22,2025-12-11,24.5,30,6,0,False,9,36B,36B,False,466.9,True,False,False,False,NORMAL,False,ASSEMBLY,20251210,2,1,1,1,0,0,['론지 30개 ≥ 30개인데 B베이 할당됨 (A베이 권장)'],"['WARNING', 'WARNING']",['P7#10'],['LONGI30_BAY_PREF_FAMILY'],['P7#10'],['LONGI30_BAY_PREF_FAMILY'],[],[],[],[],0,[],[],[],[],0,[],0,2025-12-10 12:27,2025-12-11 02:02,2025-12-11 10:33,2025-12-10 12:27,2025-12-11 10:33,2025-12-10 08:00,2025-12-11 10:33,1593.3,26.56,36.0,51.9,14.4,43.0,61.3,138.0,37.2,85.2,,,True,1,8,False,True,True,1
20251210,129,89,BLK_89C,C,fixed,F_3,F_3,2025-12-11,16.1,19,4,0,False,6,35A,35A,False,331.0,True,False,False,False,NORMAL,False,ASSEMBLY,20251210,23,0,0,0,0,0,[],['WARNING'],[],[],[],[],[],[],[],[],0,[],[],[],[],0,[],0,2025-12-10 13:03,2025-12-11 02:54,2025-12-11 09:46,2025-12-10 13:03,2025-12-11 09:46,2025-12-10 08:00,2025-12-11 10:33,1593.3,26.56,30.0,38.6,14.4,25.5,45.3,91.8,29.3,56.2,,,True,1,89,False,True,True,0
20251210,130,101,BLK_101C,C,fixed,F_5,F_5,2025-12-11,19.8,10,4,0,False,6,36B,36B,False,284.5,True,False,False,False,NORMAL,False,ASSEMBLY,20251210,25,0,0,0,0,0,[],[],[],[],[],[],[],[],[],[],0,[],[],[],[],0,[],0,2025-12-10 13:33,2025-12-11 03:32,2025-12-11 11:05,2025-12-10 13:33,2025-12-11 11:05,2025-12-10 08:00,2025-12-11 11:05,1625.7,27.1,30.0,49.1,14.4,39.3,42.4,54.0,22.8,32.4,,,True,1,101,False,True,True,0
20251210,131,111,BLK_111P,P,fixed,F_5,F_5,2025-12-11,19.0,20,5,0,False,8,35A,35A,False,349.9,True,False,False,False,NORMAL,False,ASSEMBLY,20251210,27,0,0,0,0,0,[],['WARNING'],[],[],[],[],[],[],[],[],0,[],[],[],[],0,[],0,2025-12-10 14:03,2025-12-11 04:21,2025-12-11 11:28,2025-12-10 14:03,2025-12-11 11:28,2025-12-10 08:00,2025-12-11 11:28,1648.7,27.48,36.0,37.8,14.4,24.4,52.5,96.0,30.0,58.8,,,True,1,111,False,True,True,0
20251210,132,32,BLK_32P,P,line,L_2,L_22,2025-12-11,10.4,14,2,3,False,8,36B,36B,False,673.8,True,False,False,False,NORMAL,False,ASSEMBLY,20251210,8,0,0,0,0,0,[],[],[],[],[],[],[],[],[],[],0,[],[],[],[],0,[],0,2025-12-10 14:39,2025-12-11 04:59,2025-12-11 15:31,2025-12-10 14:39,2025-12-11 15:31,2025-12-10 08:00,2025-12-11 15:31,1891.5,31.52,42.0,228.0,14.4,198.0,51.9,70.8,25.7,43.0,,,True,1,32,False,True,True,0
20251210,133,112,BLK_112P,P,fixed,F_6,F_6,2025-12-11,7.8,12,2,0,False,5,35A,35A,False,289.1,True,False,False,False,NORMAL,False,ASSEMBLY,20251210,28,0,0,0,0,0,[],['WARNING'],[],[],[],[],[],[],[],[],0,[],[],[],[],0,[],0,2025-12-10 15:21,2025-12-11 08:47,2025-12-11 15:48,2025-12-10 15:21,2025-12-11 15:48,2025-12-10 08:00,2025-12-11 15:48,1908.6,31.81,24.0,51.6,14.4,42.6,32.2,62.4,24.2,37.7,,,True,1,112,False,True,True,0
20251210,134,120,BLK_120P,P,fixed,F_4,F_4,2025-12-11,5.7,12,1,1,False,3,36B,36B,False,435.5,True,False,False,False,NORMAL,False,ASSEMBLY,20251210,30,0,0,0,0,0,[],[],[],[],[],[],[],[],[],[],0,[],[],[],[],0,[],0,2025-12-10 15:45,2025-12-11 09:39,2025-12-11 17:25,2025-12-10 15:45,2025-12-11 17:25,2025-12-10 08:00,2025-12-11 17:25,2005.7,33.43,24.0,134.1,14.4,107.6,31.1,62.4,24.2,37.7,,,True,1,120,False,True,True,0
20251210,135,122,BLK_122S,S,fixed,F_6,F_6,2025-12-11,18.9,13,5,0,False,7,35A,35A,False,291.1,True,False,False,False,NORMAL,False,ASSEMBLY,20251210,31,0,0,0,0,0,[],['WARNING'],[],[],[],[],[],[],[],[],0,[],[],[],[],0,[],0,2025-12-10 16:09,2025-12-11 11:53,2025-12-11 18:23,2025-12-10 16:09,2025-12-11 18:23,2025-12-10 08:00,2025-12-11 18:23,2063.1,34.39,36.0,36.4,14.4,22.6,49.9,66.6,25.0,40.3,,,True,1,122,False,True,True,0
20251210,136,123,BLK_123P,P,fixed,F_7,F_7,2025-12-11,5.7,12,2,0,False,3,36B,36B,False,253.1,True,False,False,False,NORMAL,False,ASSEMBLY,20251210,32,0,0,0,0,0,[],[],[],[],[],[],[],[],[],[],0,[],[],[],[],0,[],0,2025-12-10 16:45,2025-12-11 12:29,2025-12-11 18:46,2025-12-10 16:45,2025-12-11 18:46,2025-12-10 08:00,2025-12-11 18:46,2086.4,34.77,24.0,36.7,14.4,22.9,30.8,62.4,24.2,37.7,,,True,1,123,False,True,True,0
20251210,137,166,BLK_119S,S,fixed,F_3,F_3,2025-12-11,12.4,15,2,2,False,6,35A,35A,False,649.4,True,False,False,False,NORMAL,False,ASSEMBLY,20251210,62,0,0,0,0,0,[],['WARNING'],[],[],[],[],[],[],[],[],0,[],[],[],[],0,[],0,2025-12-10 17:09,2025-12-11 13:06,2025-12-11 23:13,2025-12-10 17:09,2025-12-11 23:13,2025-12-10 08:00,2025-12-11 23:13,2354.0,39.23,42.0,211.9,14.4,186.3,47.7,75.0,26.4,45.6,,,True,1,166,False,True,True,0
20251210,138,60,BLK_60P,P,line,L_2,L_22,2025-12-11,16.1,16,5,0,False,6,36B,36B,False,347.3,True,False,False,False,NORMAL,False,ASSEMBLY,20251210,17,0,1,0,0,1,[],[],[],[],['P5#9'],['CAPACITY_FAMILY'],[],[],[],[],1,['P5#9 조건 충족: 72심 초과지만 20/17블록 → 허용 (현재 75/75심)'],['P5#9'],['CAPACITY_FAMILY'],['INFO'],0,[],0,2025-12-10 17:51,2025-12-11 16:38,2025-12-12 00:12,2025-12-10 17:51,2025-12-12 00:12,2025-12-10 08:00,2025-12-12 00:12,2412.3,40.21,36.0,50.5,14.4,41.1,50.8,79.2,27.1,48.2,,,True,1,60,False,True,True,0
20251211,139,127,BLK_127S,S,fixed,F_10,F_10,2025-12-11,19.0,15,2,5,False,3,35A,35A,False,713.9,True,False,False,False,NORMAL,False,ASSEMBLY,20251211,34,0,0,0,0,0,[],['WARNING'],[],[],[],[],[],[],[],[],0,[],[],[],[],0,[],0,2025-12-11 08:00,2025-12-11 17:28,2025-12-12 04:26,2025-12-11 08:00,2025-12-12 04:26,2025-12-11 08:00,2025-12-12 04:26,1226.4,20.44,56.4,228.0,14.4,198.0,70.1,75.0,26.4,45.6,,,True,1,127,False,True,True,0
20251211,140,129,BLK_129S,S,fixed,F_3,F_3,2025-12-11,16.2,20,6,0,False,9,36B,36B,False,374.1,True,False,False,False,NORMAL,False,ASSEMBLY,20251211,35,0,0,0,0,0,[],[],[],[],[],[],[],[],[],[],0,[],[],[],[],0,[],0,2025-12-11 08:56,2025-12-11 21:16,2025-12-12 06:01,2025-12-11 08:56,2025-12-12 06:01,2025-12-11 08:00,2025-12-12 06:01,1321.0,22.02,36.0,46.4,14.4,35.7,56.8,96.0,30.0,58.8,,,True,1,129,False,True,True,0
20251211,141,130,BLK_130P,P,fixed,F_4,F_4,2025-12-11,22.8,20,5,0,False,8,36B,36B,False,395.5,True,False,False,False,NORMAL,False,ASSEMBLY,20251211,36,0,0,0,0,0,[],['WARNING'],[],[],[],[],[],[],[],[],0,[],[],[],[],0,[],0,2025-12-11 09:32,2025-12-11 22:03,2025-12-12 07:37,2025-12-11 09:32,2025-12-12 07:37,2025-12-11 08:00,2025-12-12 07:37,1417.0,23.62,36.0,57.0,14.4,49.6,53.7,96.0,30.0,58.8,,,True,1,130,False,True,True,0
20251211,142,48,BLK_48C,C,line,L_2,L_22,2025-12-11,20.9,20,5,1,False,8,35A,35A,False,562.5,True,False,False,False,NORMAL,False,ASSEMBLY,20251211,13,0,0,0,0,0,[],['WARNING'],[],[],[],[],[],[],[],[],0,[],[],[],[],0,[],0,2025-12-11 10:08,2025-12-11 23:00,2025-12-12 08:14,2025-12-11 10:08,2025-12-12 08:14,2025-12-11 08:00,2025-12-12 08:14,1454.4,24.24,45.6,142.7,14.4,115.4,59.7,96.0,30.0,58.8,,,True,1,48,False,True,True,0
20251211,143,133,BLK_133P,P,fixed,F_7,F_7,2025-12-11,5.7,11,2,0,False,5,36B,36B,False,257.6,True,False,False,False,NORMAL,False,ASSEMBLY,20251211,38,0,0,0,0,0,[],[],[],[],[],[],[],[],[],[],0,[],[],[],[],0,[],0,2025-12-11 10:54,2025-12-12 01:22,2025-12-12 08:12,2025-12-11 10:54,2025-12-12 08:12,2025-12-11 08:00,2025-12-12 08:14,1454.4,24.24,24.0,41.6,14.4,29.4,31.5,58.2,23.5,35.0,,,True,1,133,False,True,True,0
20251211,144,137,BLK_137C,C,fixed,F_10,F_10,2025-12-11,14.7,12,2,1,False,4,35A,35A,False,417.3,True,False,False,False,NORMAL,False,ASSEMBLY,20251211,40,0,0,0,0,0,[],['WARNING'],[],[],[],[],[],[],[],[],0,[],[],[],[],0,[],0,2025-12-11 11:18,2025-12-12 02:04,2025-12-12 08:53,2025-12-11 11:18,2025-12-12 08:53,2025-12-11 08:00,2025-12-12 08:53,1493.8,24.9,33.6,114.9,14.4,90.1,40.0,62.4,24.2,37.7,,,True,1,137,False,True,True,0
20251211,145,138,BLK_138S,S,fixed,F_2,F_2,2025-12-11,16.2,17,2,0,False,4,36B,36B,False,303.1,True,False,False,False,NORMAL,False,ASSEMBLY,20251211,41,0,0,0,0,0,[],[],[],[],[],[],[],[],[],[],0,[],[],[],[],0,[],0,2025-12-11 11:51,2025-12-12 03:59,2025-12-12 10:07,2025-12-11 11:51,2025-12-12 10:07,2025-12-11 08:00,2025-12-12 10:07,1567.6,26.13,24.0,39.7,14.4,26.9,36.0,83.4,27.8,50.9,,,True,1,138,False,True,True,0
20251211,146,40,BLK_40P,P,line,L_2,L_22,2025-12-11,22.3,18,6,2,False,8,36B,36B,False,571.2,True,False,False,False,NORMAL,False,ASSEMBLY,20251211,11,0,0,0,0,0,[],['WARNING'],[],[],[],[],[],[],[],[],0,[],[],[],[],0,[],0,2025-12-11 12:15,2025-12-12 04:39,2025-12-12 13:34,2025-12-11 12:15,2025-12-12 13:34,2025-12-11 08:00,2025-12-12 13:34,1774.3,29.57,36.0,162.8,14.4,118.4,69.9,87.6,28.6,53.5,,,True,1,40,False,True,True,0
20251211,147,143,BLK_143P,P,fixed,F_7,F_7,2025-12-11,12.9,16,4,0,False,6,35A,35A,False,327.8,True,False,False,False,NORMAL,False,ASSEMBLY,20251211,46,0,0,0,0,0,[],['WARNING'],[],[],[],[],[],[],[],[],0,[],[],[],[],0,[],0,2025-12-11 12:51,2025-12-12 07:21,2025-12-12 14:01,2025-12-11 12:51,2025-12-12 14:01,2025-12-11 08:00,2025-12-12 14:01,1801.1,30.02,30.0,48.5,14.4,38.5,41.9,79.2,27.1,48.2,,,True,1,143,False,True,True,0
20251211,148,145,BLK_145C,C,fixed,F_9,F_9,2025-12-11,17.5,15,5,2,False,4,36B,36B,False,608.2,True,False,False,False,NORMAL,False,ASSEMBLY,20251211,47,0,0,0,0,0,[],[],[],[],[],[],[],[],[],[],0,[],[],[],[],0,[],0,2025-12-11 13:21,2025-12-12 08:10,2025-12-12 17:24,2025-12-11 13:21,2025-12-12 17:24,2025-12-11 08:00,2025-12-12 17:24,2004.6,33.41,54.0,178.5,14.4,154.3,60.0,75.0,26.4,45.6,,,True,1,145,False,True,True,0
20251211,149,140,BLK_140P,P,fixed,F_4,F_4,2025-12-11,19.2,23,4,0,False,8,35A,35A,False,373.9,True,False,False,False,NORMAL,False,ASSEMBLY,20251211,43,0,0,0,0,0,[],['WARNING'],[],[],[],[],[],[],[],[],0,[],[],[],[],0,[],0,2025-12-11 14:15,2025-12-12 11:08,2025-12-12 19:11,2025-12-11 14:15,2025-12-12 19:11,2025-12-11 08:00,2025-12-12 19:11,2111.6,35.19,30.0,43.5,14.4,32.0,46.5,108.6,32.2,66.7,,,True,1,140,False,True,True,0
20251211,150,141,BLK_141P,P,fixed,F_5,F_5,2025-12-11,22.2,23,6,0,False,8,36B,36B,False,373.0,True,False,False,False,NORMAL,False,ASSEMBLY,20251211,44,0,0,0,0,0,[],[],[],[],[],[],[],[],[],[],0,[],[],[],[],0,[],0,2025-12-11 14:45,2025-12-12 11:52,2025-12-12 20:10,2025-12-11 14:45,2025-12-12 20:10,2025-12-11 08:00,2025-12-12 20:10,2170.1,36.17,36.0,35.4,14.4,21.2,58.5,108.6,32.2,66.7,,,True,1,141,False,True,True,0
20251211,151,142,BLK_142P,P,fixed,F_6,F_6,2025-12-11,13.1,16,4,1,False,7,35A,35A,False,472.2,True,False,False,False,NORMAL,False,ASSEMBLY,20251211,45,0,0,0,0,0,[],['WARNING'],[],[],[],[],[],[],[],[],0,[],[],[],[],0,[],0,2025-12-11 15:21,2025-12-12 12:27,2025-12-12 20:07,2025-12-11 15:21,2025-12-12 20:07,2025-12-11 08:00,2025-12-12 20:10,2170.1,36.17,39.6,120.4,14.4,95.1,48.2,79.2,27.1,48.2,,,True,1,142,False,True,True,0
20251211,152,28,BLK_28S,S,line,L_2,L_22,2025-12-11,15.3,18,5,0,False,9,36B,36B,False,336.0,True,False,False,False,NORMAL,False,ASSEMBLY,20251211,7,0,0,0,0,0,[],[],[],[],[],[],[],[],[],[],0,[],[],[],[],0,[],0,2025-12-11 16:01,2025-12-12 14:28,2025-12-12 21:20,2025-12-11 16:01,2025-12-12 21:20,2025-12-11 08:00,2025-12-12 21:20,2240.9,37.35,36.0,39.5,14.4,26.6,49.8,87.6,28.6,53.5,,,True,1,28,False,True,True,0
20251211,153,139,BLK_139S,S,fixed,F_3,F_3,2025-12-11,15.2,17,2,0,False,3,35A,35A,False,320.3,True,False,False,False,NORMAL,False,ASSEMBLY,20251211,42,0,0,0,0,0,[],['WARNING'],[],[],[],[],[],[],[],[],0,[],[],[],[],0,[],0,2025-12-11 16:37,2025-12-12 15:07,2025-12-12 21:39,2025-12-11 16:37,2025-12-12 21:39,2025-12-11 08:00,2025-12-12 21:39,2259.9,37.66,24.0,46.6,14.4,36.0,37.2,83.4,27.8,50.9,,,True,1,139,False,True,True,0
20251212,154,148,BLK_148S,S,fixed,F_2,F_2,2025-12-11,9.7,8,1,1,False,4,36B,36B,False,560.3,True,False,False,False,NORMAL,False,ASSEMBLY,20251212,48,0,0,0,0,0,[],[],[],[],[],[],[],[],[],[],0,[],[],[],[],0,[],0,2025-12-12 08:00,2025-12-12 15:54,2025-12-13 00:50,2025-12-12 08:00,2025-12-13 00:50,2025-12-12 08:00,2025-12-13 00:50,1010.7,16.84,24.0,196.2,14.4,198.0,33.6,45.6,21.4,27.1,,,True,1,148,False,True,True,0
20251212,155,150,BLK_150C,C,fixed,F_4,F_4,2025-12-11,18.3,23,6,0,False,8,35A,35A,False,416.8,True,False,False,False,NORMAL,False,ASSEMBLY,20251212,50,0,0,0,0,0,[],['WARNING'],[],[],[],[],[],[],[],[],0,[],[],[],[],0,[],0,2025-12-12 08:24,2025-12-12 19:10,2025-12-13 03:55,2025-12-12 08:24,2025-12-13 03:55,2025-12-12 08:00,2025-12-13 03:55,1195.5,19.92,36.0,53.9,14.4,45.6,59.4,108.6,32.2,66.7,,,True,1,150,False,True,True,0
20251212,156,165,BLK_37S,S,line,L_1,L_11,2025-12-11,10.8,7,2,2,False,6,36B,36B,False,460.8,True,False,False,False,NORMAL,False,ASSEMBLY,20251212,61,0,0,0,0,0,[],[],[],[],[],[],[],[],[],[],0,[],[],[],[],0,[],0,2025-12-12 09:00,2025-12-12 20:04,2025-12-13 03:45,2025-12-12 09:00,2025-12-13 03:45,2025-12-12 08:00,2025-12-13 03:55,1195.5,19.92,42.0,147.8,14.4,125.0,45.1,41.4,20.6,24.5,,,True,1,165,False,True,True,0
20251212,157,152,BLK_152P,P,fixed,F_6,F_6,2025-12-11,9.7,8,2,0,False,4,35A,35A,False,233.6,True,False,False,False,NORMAL,False,ASSEMBLY,20251212,52,0,0,0,0,0,[],['WARNING'],[],[],[],[],[],[],[],[],0,[],[],[],[],0,[],0,2025-12-12 09:42,2025-12-12 22:32,2025-12-13 04:26,2025-12-12 09:42,2025-12-13 04:26,2025-12-12 08:00,2025-12-13 04:26,1226.5,20.44,24.0,40.0,14.4,27.3,33.7,45.6,21.4,27.1,,,True,1,152,False,True,True,0
20251212,158,58,BLK_58C,C,line,L_1,L_12,2025-12-09,16.3,14,5,1,False,6,36B,36B,False,515.7,True,False,False,False,NORMAL,False,ASSEMBLY,20251212,6,0,0,0,0,0,[],[],[],[],[],[],[],[],[],[],0,[],[],[],[],0,[],0,2025-12-12 10:06,2025-12-12 23:12,2025-12-13 07:26,2025-12-12 10:06,2025-12-13 07:26,2025-12-12 08:00,2025-12-13 07:26,1406.9,23.45,45.6,129.8,14.4,129.7,56.8,70.8,25.7,43.0,,,True,1,58,False,True,True,0
20251212,159,153,BLK_153S,S,fixed,F_7,F_7,2025-12-11,10.8,15,4,0,False,5,35A,35A,False,296.6,True,False,False,False,NORMAL,False,ASSEMBLY,20251212,53,0,0,0,0,0,[],['WARNING'],[],[],[],[],[],[],[],[],0,[],[],[],[],0,[],0,2025-12-12 10:51,2025-12-13 01:22,2025-12-13 08:15,2025-12-12 10:51,2025-12-13 08:15,2025-12-12 08:00,2025-12-13 08:15,1455.3,24.25,30.0,38.7,14.4,25.6,40.8,75.0,26.4,45.6,,,True,1,153,False,True,True,0
20251212,160,158,BLK_158P,P,fixed,F_2,F_2,2025-12-11,17.7,20,6,2,False,8,36B,36B,False,573.2,True,False,False,False,NORMAL,False,ASSEMBLY,20251212,55,0,0,0,0,0,[],[],[],[],[],[],[],[],[],[],0,[],[],[],[],0,[],0,2025-12-12 11:21,2025-12-13 02:00,2025-12-13 10:58,2025-12-12 11:21,2025-12-13 10:58,2025-12-12 08:00,2025-12-13 10:58,1618.1,26.97,36.0,156.6,14.4,113.4,68.0,96.0,30.0,58.8,,,True,1,158,False,True,True,0
20251212,161,69,BLK_69C,C,fixed,F_3,F_3,2025-12-11,11.2,8,2,0,False,5,35A,35A,False,287.5,True,False,False,False,NORMAL,False,ASSEMBLY,20251212,21,0,0,0,0,0,[],['WARNING'],[],[],[],[],[],[],[],[],0,[],[],[],[],0,[],0,2025-12-12 11:57,2025-12-13 04:37,2025-12-13 10:06,2025-12-12 11:57,2025-12-13 10:06,2025-12-12 08:00,2025-12-13 10:58,1618.1,26.97,24.0,60.9,14.4,54.8,35.4,49.6,26.6,21.8,,,True,1,69,False,True,True,0
20251212,162,160,BLK_160P,P,fixed,F_4,F_4,2025-12-11,10.5,12,2,1,False,4,36B,36B,False,451.2,True,False,False,False,NORMAL,False,ASSEMBLY,20251212,57,0,0,0,0,0,[],[],[],[],[],[],[],[],[],[],0,[],[],[],[],0,[],0,2025-12-12 12:21,2025-12-13 05:38,2025-12-13 12:36,2025-12-12 12:21,2025-12-13 12:36,2025-12-12 08:00,2025-12-13 12:36,1716.0,28.6,33.6,132.8,14.4,106.4,39.7,62.4,24.2,37.7,,,True,1,160,False,True,True,0
20251212,163,161,BLK_161S,S,fixed,F_5,F_5,2025-12-11,12.9,8,2,0,False,4,35A,35A,False,236.8,True,False,False,False,NORMAL,False,ASSEMBLY,20251212,58,0,0,0,0,0,[],['WARNING'],[],[],[],[],[],[],[],[],0,[],[],[],[],0,[],0,2025-12-12 12:55,2025-12-13 07:51,2025-12-13 12:39,2025-12-12 12:55,2025-12-13 12:39,2025-12-12 08:00,2025-12-13 12:39,1719.9,28.66,24.0,41.3,14.4,29.0,34.1,45.6,21.4,27.1,,,True,1,161,False,True,True,0
20251212,164,162,BLK_162P,P,fixed,F_6,F_6,2025-12-11,22.6,25,4,1,False,8,36B,36B,False,728.3,True,False,False,False,NORMAL,False,ASSEMBLY,20251212,59,0,0,0,0,0,[],[],[],[],[],[],[],[],[],[],0,[],[],[],[],0,[],0,2025-12-12 13:19,2025-12-13 08:32,2025-12-13 20:01,2025-12-12 13:19,2025-12-13 20:01,2025-12-12 08:00,2025-12-13 20:01,2161.2,36.02,39.6,198.6,14.4,198.0,55.1,117.0,33.6,72.0,,,True,1,162,False,True,True,0
20251212,165,163,BLK_8S,S,line,L_2,L_22,2025-12-11,24.5,30,6,0,False,9,36B,36B,False,466.9,True,False,False,False,NORMAL,False,ASSEMBLY,20251212,60,1,1,1,0,0,['론지 30개 ≥ 30개인데 B베이 할당됨 (A베이 권장)'],"['WARNING', 'WARNING']",['P7#10'],['LONGI30_BAY_PREF_FAMILY'],['P7#10'],['LONGI30_BAY_PREF_FAMILY'],[],[],[],[],0,[],[],[],[],0,[],0,2025-12-12 13:58,2025-12-13 11:51,2025-12-13 22:36,2025-12-12 13:58,2025-12-13 22:36,2025-12-12 08:00,2025-12-13 22:36,2316.0,38.6,36.0,51.9,14.4,43.0,61.3,138.0,37.2,85.2,,,True,1,163,False,True,True,1
20251212,166,151,BLK_151P,P,fixed,F_5,F_5,2025-12-11,12.4,7,2,4,False,5,35A,35A,False,636.6,True,False,False,False,NORMAL,False,ASSEMBLY,20251212,51,0,0,0,0,0,[],['WARNING'],[],[],[],[],[],[],[],[],0,[],[],[],[],0,[],0,2025-12-12 14:34,2025-12-13 12:43,2025-12-13 22:30,2025-12-12 14:34,2025-12-13 22:30,2025-12-12 08:00,2025-12-13 22:36,2316.0,38.6,49.2,228.0,14.4,198.0,60.5,41.4,20.6,24.5,,,True,1,151,False,True,True,0
